Summary
[Software Information]
Software Name:;LabSolutions RF
Version:;1,16
[Data Information]
Data is:;Modified
Sample Name
Sample ID
Option
Analyst
Date/Time:;05.05.2021 10:15:51
Comments
[Instrument Information]
Instrument Name:;RF-6000
Instrument Type:;RF-6000 Series
Model (S/N):;RF-6000 (A40245801685SA)

Parameter
[Measurement]
Spectrum Type:;3D
EX Wavelength Start:;250,0 nm
EX Wavelength End:;450,0 nm
Data Interval:;5,0 nm
EM Wavelength Start:;250,0 nm
EM Wavelength End:;750,0 nm
Data Interval:;1,0 nm
Scan Speed:;6000 nm/min
[Instrument]
EX Bandwidth:;3,0 nm
EM Bandwidth:;3,0 nm
Sensitivity:;High
[Attachment]
Attachment:;None
[Auto Print]
Auto Print:;No
Report File:;

386 - CorrectionData
EX Wavelength/EM Wavelength;250;251;252;253;254;255;256;257;258;259;260;261;262;263;264;265;266;267;268;269;270;271;272;273;274;275;276;277;278;279;280;281;282;283;284;285;286;287;288;289;290;291;292;293;294;295;296;297;298;299;300;301;302;303;304;305;306;307;308;309;310;311;312;313;314;315;316;317;318;319;320;321;322;323;324;325;326;327;328;329;330;331;332;333;334;335;336;337;338;339;340;341;342;343;344;345;346;347;348;349;350;351;352;353;354;355;356;357;358;359;360;361;362;363;364;365;366;367;368;369;370;371;372;373;374;375;376;377;378;379;380;381;382;383;384;385;386;387;388;389;390;391;392;393;394;395;396;397;398;399;400;401;402;403;404;405;406;407;408;409;410;411;412;413;414;415;416;417;418;419;420;421;422;423;424;425;426;427;428;429;430;431;432;433;434;435;436;437;438;439;440;441;442;443;444;445;446;447;448;449;450;451;452;453;454;455;456;457;458;459;460;461;462;463;464;465;466;467;468;469;470;471;472;473;474;475;476;477;478;479;480;481;482;483;484;485;486;487;488;489;490;491;492;493;494;495;496;497;498;499;500;501;502;503;504;505;506;507;508;509;510;511;512;513;514;515;516;517;518;519;520;521;522;523;524;525;526;527;528;529;530;531;532;533;534;535;536;537;538;539;540;541;542;543;544;545;546;547;548;549;550;551;552;553;554;555;556;557;558;559;560;561;562;563;564;565;566;567;568;569;570;571;572;573;574;575;576;577;578;579;580;581;582;583;584;585;586;587;588;589;590;591;592;593;594;595;596;597;598;599;600;601;602;603;604;605;606;607;608;609;610;611;612;613;614;615;616;617;618;619;620;621;622;623;624;625;626;627;628;629;630;631;632;633;634;635;636;637;638;639;640;641;642;643;644;645;646;647;648;649;650;651;652;653;654;655;656;657;658;659;660;661;662;663;664;665;666;667;668;669;670;671;672;673;674;675;676;677;678;679;680;681;682;683;684;685;686;687;688;689;690;691;692;693;694;695;696;697;698;699;700;701;702;703;704;705;706;707;708;709;710;711;712;713;714;715;716;717;718;719;720;721;722;723;724;725;726;727;728;729;730;731;732;733;734;735;736;737;738;739;740;741;742;743;744;745;746;747;748;749;750;
250;1432,601;1103,497;689,680;296,198;78,114;19,862;0,981;9,407;-1,220;6,920;-0,897;5,116;7,294;3,956;2,517;2,919;9,607;22,522;23,263;57,006;82,365;84,315;87,584;78,298;70,501;35,966;21,759;7,453;5,044;3,121;0,204;2,766;-2,225;7,126;2,221;0,037;2,806;2,320;1,624;1,468;2,107;1,905;2,424;1,751;-0,523;-0,089;1,479;-0,285;4,427;1,248;0,334;2,932;1,621;1,810;1,837;1,301;2,060;4,927;1,550;0,618;3,215;2,271;0,536;1,828;2,877;0,933;2,780;2,272;3,407;2,533;4,715;6,154;1,367;2,382;3,794;6,789;2,838;2,258;3,009;5,482;4,670;3,613;6,293;6,475;5,108;4,211;8,476;4,440;4,193;6,662;3,487;6,073;2,922;4,024;4,087;3,395;6,953;4,865;6,423;4,260;3,247;5,441;4,714;3,460;6,906;4,293;3,400;6,289;5,360;4,226;4,729;7,257;6,020;3,260;3,829;5,610;3,031;6,619;2,017;2,729;4,725;4,625;3,180;5,551;6,530;5,205;5,719;5,881;2,595;7,297;6,158;5,940;5,101;6,452;6,533;4,824;10,260;9,180;8,044;7,681;11,846;11,016;17,842;18,539;16,072;19,499;23,135;23,604;27,367;33,458;39,688;42,719;41,101;52,415;56,314;64,249;79,903;85,910;78,944;79,056;89,622;102,155;110,867;120,594;119,535;135,510;138,143;138,181;162,591;158,522;173,659;174,464;186,843;194,510;201,424;208,770;204,536;219,152;219,861;237,952;233,564;256,104;253,176;245,358;260,874;266,677;276,854;285,409;267,442;285,550;302,139;305,442;290,848;288,276;296,938;298,112;308,640;308,766;304,542;300,303;301,258;305,178;301,070;297,056;330,481;322,415;306,617;298,317;306,965;300,400;303,891;300,317;290,274;286,571;299,844;276,798;278,713;279,887;272,486;293,616;280,046;279,871;265,463;267,538;260,380;251,587;267,770;240,452;236,484;239,921;230,253;234,685;224,538;229,006;221,389;210,659;207,716;220,091;195,901;197,901;193,375;199,401;192,090;206,243;211,234;225,378;241,822;288,951;322,884;323,653;311,462;284,333;243,628;206,106;186,984;171,916;138,135;143,564;130,535;128,354;124,482;121,585;119,317;118,148;99,046;90,227;102,774;98,135;107,047;100,544;99,718;98,821;87,378;82,771;92,796;87,752;90,871;73,866;75,062;77,521;77,188;70,320;72,418;67,042;62,244;66,541;68,998;59,472;68,963;64,625;62,142;52,353;66,812;69,893;65,978;65,881;59,567;58,704;58,372;42,185;49,434;42,701;35,847;45,690;39,993;35,718;34,369;40,824;36,814;38,801;28,696;31,108;27,142;30,297;38,275;24,358;29,318;28,747;24,881;28,837;18,146;26,076;17,894;21,488;24,498;19,188;23,612;18,005;19,279;17,695;24,109;18,200;18,529;21,891;14,028;15,334;14,491;15,480;16,244;14,301;16,635;13,269;8,298;13,674;10,997;12,671;15,759;13,193;13,786;14,914;14,372;9,538;8,992;11,481;9,390;8,858;8,543;10,650;3,613;9,726;9,780;10,760;7,751;9,302;7,918;6,015;3,682;7,304;7,089;7,740;6,181;7,287;7,454;4,675;2,864;6,136;7,945;8,083;5,746;3,966;6,197;5,937;6,201;3,184;5,674;8,227;5,718;8,462;9,930;7,430;3,131;3,039;6,519;6,992;7,035;3,174;7,418;4,275;4,189;3,958;3,597;4,430;3,841;4,258;3,847;2,899;2,667;5,361;6,633;4,559;4,315;7,740;6,706;9,768;7,356;0,734;7,609;-1,042;5,843;1,096;4,884;4,975;6,315;3,116;12,035;4,852;3,287;3,198;2,389;5,965;1,783;0,661;1,624;3,006;3,951;0,030;4,720;0,231;1,731;5,246;10,347;12,431;4,065;3,991;3,239;5,361;2,491;6,791;1,559;2,999;2,454;3,893;-0,668;3,478;1,716;-0,140;1,978;5,540;9,125;3,224;6,608;0,662;6,899;6,444;5,019;11,048;2,466;8,070;1,297;6,523;3,851;9,840;0,722;2,754;7,458;0,202;2,383;5,092;6,648;6,609;5,259;-0,158;-0,870;3,345;2,727;8,958;4,928;2,945;6,107;-1,911;6,226;6,503;11,003;10,938;18,403;18,432;22,571;23,139;42,789;24,886;33,872;
255;322,454;622,311;1143,153;1521,797;1919,606;2121,078;2160,184;1361,009;474,911;113,974;23,322;9,041;4,993;9,637;5,218;3,534;9,115;5,085;5,117;4,977;2,285;6,368;6,342;16,746;26,596;44,295;69,098;97,461;91,677;89,343;68,110;43,945;25,942;21,487;6,111;4,673;5,240;5,416;2,641;2,630;4,184;2,716;2,523;2,445;0,005;2,308;1,918;0,863;0,722;1,454;2,406;0,100;0,347;1,648;1,179;0,989;2,154;3,406;1,601;2,879;2,401;2,689;3,998;5,273;0,544;1,231;2,910;3,404;4,635;2,687;1,711;3,459;5,740;4,661;5,482;2,984;2,051;2,413;7,521;3,895;7,171;5,567;6,657;4,981;4,858;5,337;12,049;5,963;5,691;3,962;5,887;8,728;5,989;7,880;9,081;7,423;7,745;6,377;5,738;4,520;7,466;5,752;4,923;7,842;5,856;6,156;5,063;4,816;5,432;5,407;4,352;4,734;6,761;3,600;5,758;5,236;5,313;5,379;4,445;6,587;6,754;4,751;4,002;3,176;6,483;5,065;5,161;8,247;4,921;5,911;4,900;6,853;7,466;6,612;8,516;6,771;6,569;9,632;7,856;8,684;6,561;11,553;12,317;14,147;13,521;14,922;19,653;19,512;18,647;26,740;24,966;27,857;27,752;36,398;41,086;45,693;50,283;54,381;62,380;68,129;71,083;78,343;82,179;91,785;93,709;98,999;97,747;112,440;119,970;125,307;133,037;143,933;131,368;156,238;155,869;164,214;174,571;185,409;164,200;182,221;196,165;195,113;203,517;209,719;211,385;217,476;211,786;213,991;211,406;222,046;228,636;245,185;234,684;253,503;237,578;241,324;233,917;253,081;248,983;251,574;249,124;254,581;238,983;256,487;251,195;233,476;250,734;251,887;248,113;254,823;244,458;251,935;238,948;244,976;246,827;238,940;234,381;241,704;228,622;223,846;223,809;227,571;209,442;209,604;206,988;220,287;207,160;199,376;201,597;193,777;184,380;185,529;196,891;189,450;176,786;169,443;171,777;177,324;174,844;166,851;162,354;163,269;157,951;157,199;158,727;143,138;148,969;137,143;136,491;131,787;126,903;133,479;126,000;137,426;154,346;201,104;210,824;260,601;316,273;371,212;399,670;412,743;398,036;293,761;207,470;126,864;118,448;95,511;90,822;82,611;73,774;71,694;73,605;77,647;79,315;63,643;63,188;66,994;61,057;73,336;58,048;55,307;59,261;55,378;67,076;61,281;54,855;52,434;48,650;45,193;47,741;42,782;50,700;41,221;37,031;39,669;39,819;44,696;39,685;44,025;41,360;46,979;39,636;43,279;43,843;45,578;36,725;49,379;45,702;38,234;46,453;36,893;31,688;40,302;30,099;22,266;25,317;25,032;24,092;22,924;27,749;18,063;20,063;16,956;19,371;16,491;13,908;17,719;14,737;17,878;15,048;12,486;15,424;12,580;14,964;13,010;11,204;13,179;12,904;13,617;10,374;9,703;11,902;12,320;14,821;9,794;12,334;11,055;10,640;7,102;12,247;10,796;10,978;11,593;8,627;6,373;7,513;5,566;5,698;3,416;5,095;7,313;12,014;8,559;2,718;5,212;3,773;8,776;7,936;5,135;6,538;8,951;5,496;4,698;3,300;6,048;6,831;4,954;3,663;7,585;3,993;4,973;10,580;6,187;7,230;6,125;7,276;5,901;5,593;6,777;3,335;0,792;5,034;5,375;8,396;2,986;5,507;3,067;5,745;3,427;1,532;3,236;2,561;2,841;3,094;5,362;2,617;3,107;3,763;4,433;3,499;4,401;6,364;3,215;2,404;0,967;2,725;2,854;7,800;3,188;5,770;3,079;4,997;5,812;5,191;5,367;5,101;3,107;5,120;6,004;4,005;7,168;2,250;2,521;5,765;2,743;4,391;2,320;4,613;1,353;2,147;3,837;3,184;6,388;3,478;7,173;-1,789;2,594;4,263;6,465;1,734;3,534;4,233;-2,169;1,833;7,709;7,499;4,856;6,289;4,311;1,588;5,199;1,970;2,244;1,315;6,611;-0,849;0,387;-0,173;-2,779;5,726;2,938;2,916;5,283;1,588;4,782;4,332;4,447;1,623;0,113;8,424;0,818;1,647;4,521;6,857;3,244;8,405;3,748;1,697;1,942;3,075;5,088;0,878;4,731;1,515;1,857;6,370;-3,774;4,241;2,679;3,079;
260;3,547;10,164;3,722;23,099;133,597;441,580;897,483;1550,249;2071,295;2564,585;2755,823;2473,171;1575,804;568,465;114,645;21,510;9,184;6,315;7,582;4,919;5,952;8,209;3,663;6,895;5,047;1,415;3,007;5,152;10,751;17,864;29,014;54,124;75,956;87,948;88,724;77,685;72,297;42,627;26,079;10,514;6,972;4,951;2,871;3,208;3,338;0,654;0,898;3,700;2,413;3,873;3,036;2,943;0,798;3,233;1,872;1,651;1,468;1,821;2,484;-0,157;2,170;0,367;1,652;2,296;3,024;1,383;2,772;3,671;1,950;3,593;3,301;4,469;3,881;3,453;5,895;5,825;5,298;6,606;5,702;5,777;4,606;8,968;5,780;5,540;3,205;4,743;8,314;7,047;5,914;7,094;9,521;7,846;8,624;9,340;8,357;6,620;6,312;5,595;9,622;6,118;6,280;6,793;6,142;5,101;5,658;5,300;5,330;4,742;5,338;4,406;4,962;6,972;5,611;5,143;5,010;5,687;5,720;4,254;4,277;3,034;3,661;3,792;6,739;4,481;3,772;5,561;3,399;4,906;3,792;3,616;5,812;4,560;4,652;4,950;6,804;4,880;4,762;5,275;6,363;5,478;7,366;7,792;8,333;7,177;8,663;8,998;10,277;13,249;13,294;12,847;12,861;17,663;20,167;21,612;23,819;24,331;32,828;35,061;31,402;40,757;42,133;40,774;55,066;53,642;56,404;59,031;64,726;69,421;70,869;65,731;77,577;70,174;81,705;90,744;85,999;92,352;103,053;108,389;96,893;103,238;100,268;110,423;108,658;115,224;123,464;125,779;125,793;124,376;130,991;127,208;127,351;138,566;135,872;142,946;132,766;142,720;144,792;140,643;142,733;153,619;149,940;144,545;138,936;145,095;145,848;145,238;150,226;141,545;144,812;138,380;136,533;141,130;144,172;137,144;131,746;143,597;143,889;129,226;137,661;136,641;138,332;128,571;126,525;134,146;126,047;121,038;120,873;118,056;123,866;118,187;111,157;110,292;101,739;115,123;109,195;106,137;102,139;101,423;101,329;100,882;99,070;96,016;95,626;84,842;95,178;80,186;89,977;79,683;86,586;74,995;77,695;71,275;72,534;67,710;68,375;64,976;70,834;70,653;66,765;61,866;63,479;66,598;58,502;79,061;104,258;134,228;192,683;223,028;273,436;322,483;358,508;329,733;290,218;201,006;132,055;78,606;52,816;45,592;39,504;40,201;42,269;32,406;36,973;36,913;33,127;35,516;31,122;29,730;29,256;31,249;26,877;26,392;31,964;25,273;32,038;25,226;19,592;26,598;19,522;25,181;20,364;22,122;16,989;20,853;17,570;20,490;16,615;17,594;18,020;17,544;14,662;14,055;20,036;22,634;22,128;26,321;26,609;24,460;28,446;28,595;27,433;29,451;22,647;21,987;18,164;15,788;12,640;10,965;12,795;13,127;9,249;11,143;14,389;11,132;8,960;11,785;8,016;6,070;9,117;8,198;10,579;5,576;6,388;6,683;7,911;7,815;6,830;6,041;5,747;6,020;6,827;4,071;5,604;3,952;5,107;3,934;5,199;5,957;6,031;7,245;3,797;2,907;2,636;1,966;3,964;4,044;4,669;3,120;5,826;5,954;3,561;6,136;4,528;7,403;4,212;4,613;2,442;1,351;5,112;1,430;7,122;4,991;4,168;3,595;5,762;3,666;5,294;3,608;4,542;1,936;2,279;2,841;4,828;4,121;3,502;3,005;0,322;3,057;5,052;2,162;5,003;2,263;5,029;2,461;1,039;2,184;1,940;3,982;-1,503;0,708;4,199;1,961;2,710;3,904;3,643;0,758;0,571;2,857;2,145;5,098;5,242;3,528;4,685;2,089;3,850;3,520;-0,307;1,272;3,980;4,796;4,713;8,987;5,304;1,597;2,192;1,614;2,447;5,528;-0,718;1,842;3,562;3,557;4,974;5,783;3,162;-0,791;3,692;2,638;-0,757;6,043;2,643;4,045;3,728;0,786;3,151;2,769;4,962;3,921;-0,911;1,471;-1,106;1,962;3,933;3,976;1,806;0,714;0,156;3,794;2,244;6,765;1,014;-0,077;1,164;6,167;5,278;4,754;1,899;-1,281;1,209;7,388;4,234;1,754;7,897;8,762;1,756;3,313;1,090;0,954;2,054;8,017;7,508;3,777;3,296;-0,858;1,304;4,541;-2,471;4,595;-2,484;2,284;2,448;
265;0,227;4,421;0,414;4,725;-1,075;1,321;4,181;4,978;18,113;73,416;271,661;627,571;976,284;1228,051;1121,224;850,339;500,751;234,576;89,557;32,607;7,907;7,649;3,107;5,245;3,832;2,995;4,256;3,944;3,895;2,939;5,052;3,986;2,519;2,271;8,946;17,959;28,353;49,515;62,577;79,538;83,188;75,099;52,469;35,268;18,171;9,882;9,119;1,938;2,419;1,119;2,886;4,376;1,494;1,098;0,520;0,011;1,218;3,105;2,940;1,796;2,041;3,266;2,485;0,395;3,144;2,598;3,231;2,465;3,540;4,243;5,019;2,850;3,817;8,597;5,023;5,151;3,537;4,320;7,846;5,887;4,540;6,075;6,563;7,178;8,481;7,429;6,340;7,917;5,157;9,058;6,560;8,303;7,474;7,314;6,741;7,623;8,113;8,001;5,572;7,576;8,202;5,868;7,630;7,740;7,730;6,231;6,388;5,413;6,794;5,309;5,796;5,906;6,077;6,809;7,357;6,633;3,878;6,159;5,110;3,617;5,270;4,793;4,579;5,619;4,358;4,068;4,607;4,897;5,623;4,158;5,310;5,036;5,279;6,816;6,446;5,244;6,145;5,024;6,188;6,362;6,238;7,269;7,886;6,917;6,826;7,700;6,650;8,557;9,398;11,135;11,076;18,602;15,925;14,537;14,129;13,907;19,584;21,272;18,209;21,376;25,638;23,965;30,268;29,113;30,746;31,953;40,513;36,537;39,335;38,985;43,572;49,094;47,965;45,844;48,207;53,424;53,874;63,037;56,997;58,463;57,296;69,589;64,986;66,301;61,507;68,748;75,494;75,536;71,839;73,865;77,252;79,983;70,350;80,398;80,742;83,411;79,244;79,698;84,510;78,600;80,762;86,205;82,951;81,937;79,848;86,333;89,986;82,199;82,605;86,265;81,832;83,101;90,167;81,843;81,584;78,527;74,837;78,908;77,894;72,210;72,589;77,715;70,890;73,383;72,654;73,868;69,795;71,385;68,039;60,904;67,952;65,980;69,633;65,954;63,487;63,837;60,131;60,223;60,986;62,421;60,183;58,785;58,884;57,446;51,884;47,346;47,351;53,111;45,525;47,692;46,325;49,186;38,091;37,654;46,381;37,602;41,015;35,541;42,491;37,629;34,743;32,956;33,130;38,755;38,109;29,536;32,934;32,291;30,936;28,105;23,758;27,906;30,048;39,568;65,172;100,618;149,758;197,271;207,770;196,525;162,315;136,894;97,011;70,277;50,248;29,928;24,771;20,899;19,377;18,243;17,195;16,501;15,049;14,447;15,828;13,130;13,464;16,038;12,133;14,025;12,062;13,999;13,118;15,007;9,234;11,381;9,354;12,550;9,496;9,293;10,148;8,404;9,849;7,764;9,102;11,599;7,239;10,878;10,716;7,375;10,661;8,539;9,201;11,339;11,481;14,144;12,869;18,561;20,370;16,258;21,471;18,153;18,163;18,281;14,720;13,483;11,947;9,467;10,638;6,759;5,541;6,286;7,601;7,586;5,780;3,707;5,397;4,052;5,262;5,123;3,035;2,784;2,965;3,379;4,215;2,663;3,895;2,750;4,714;4,820;2,880;5,288;3,357;3,348;1,495;2,191;0,019;2,853;2,025;1,906;3,869;3,068;3,336;2,766;3,043;4,019;0,726;3,424;4,247;1,222;3,537;2,980;3,434;2,388;3,845;3,137;2,207;1,712;0,425;2,458;1,377;0,674;1,119;3,179;1,416;2,408;1,355;3,748;0,831;2,148;1,638;1,736;1,636;1,864;2,311;2,961;1,030;2,311;2,774;2,433;2,812;2,098;4,752;4,152;3,406;1,159;2,289;3,071;2,031;1,007;2,248;1,995;-0,169;4,286;3,160;4,481;4,918;2,623;3,463;3,683;2,896;1,820;5,041;3,161;2,963;0,938;2,397;5,348;3,128;3,426;2,624;0,738;1,683;4,055;6,662;4,559;0,054;5,376;2,416;2,394;2,732;1,581;-0,204;-0,271;2,336;5,702;0,256;1,629;5,255;4,805;4,062;4,817;4,643;2,033;3,916;5,094;4,021;1,340;3,318;2,730;1,454;6,599;3,616;7,246;2,646;2,646;2,598;4,532;1,231;3,470;0,546;1,953;1,264;3,423;0,070;-1,108;2,342;4,565;0,416;3,117;3,071;4,270;4,477;6,618;3,057;5,510;2,261;3,010;1,892;1,544;3,132;
270;3,709;2,371;-1,469;-0,693;4,091;1,105;3,187;2,410;3,838;2,902;4,786;-0,228;0,323;9,988;44,369;166,127;421,417;807,024;1127,278;1121,378;844,809;539,987;274,220;92,939;31,192;9,093;4,247;4,391;1,129;2,015;3,323;4,303;2,660;2,939;2,505;3,335;3,729;3,752;2,063;5,031;7,192;12,622;19,450;30,956;52,174;66,338;74,640;65,241;47,942;39,217;22,850;14,232;6,414;3,979;4,788;2,704;2,742;2,122;1,552;2,219;1,943;2,523;2,166;3,030;2,796;2,090;3,693;4,267;3,655;3,518;2,866;4,367;5,551;5,235;4,538;4,505;6,511;6,569;7,204;3,862;7,686;6,784;6,380;5,109;8,754;7,983;10,126;6,345;8,685;5,333;8,340;6,379;8,587;7,754;7,594;9,400;8,940;6,851;7,036;8,104;8,759;6,367;7,411;5,930;9,300;6,979;5,765;7,266;7,225;6,485;7,055;6,038;5,835;8,404;6,359;6,387;5,795;4,881;6,841;5,458;8,104;4,253;5,844;6,137;5,192;4,108;5,386;6,395;5,749;5,640;6,175;5,872;5,793;6,411;4,077;5,176;6,059;6,817;7,838;5,753;5,754;6,291;5,716;6,405;6,972;7,103;7,886;7,019;9,543;7,702;9,350;11,374;11,480;11,152;12,202;10,903;12,682;12,794;14,674;14,820;15,805;17,814;18,588;20,423;22,409;22,386;24,113;25,982;24,564;27,975;25,114;28,190;29,811;34,069;31,573;31,358;36,307;36,469;38,449;38,582;39,265;40,396;44,190;41,794;44,537;43,138;44,922;44,900;42,419;47,023;49,038;49,458;49,523;52,202;50,978;48,487;53,476;51,011;52,463;53,109;48,880;54,892;55,698;54,806;57,528;53,560;52,224;55,761;58,488;52,299;50,094;49,583;52,030;53,380;52,038;49,517;55,482;52,741;53,265;52,726;47,719;48,829;48,035;51,740;53,307;46,823;45,280;44,507;45,840;41,772;44,832;43,763;47,664;47,902;41,193;42,458;40,501;40,651;40,487;37,238;36,772;39,476;37,572;38,992;35,291;34,021;37,814;31,687;32,603;32,764;32,994;28,888;28,330;27,655;26,257;26,122;28,345;26,355;30,099;28,131;26,829;20,777;25,087;23,914;23,385;23,823;20,415;20,251;19,979;21,684;21,430;18,359;20,975;18,038;19,133;17,009;18,112;17,632;17,332;18,038;16,540;13,303;21,091;21,434;34,018;59,276;107,994;158,401;199,828;193,473;174,737;141,684;97,439;72,815;44,408;28,618;18,322;12,480;12,550;11,465;9,807;12,275;9,113;8,713;8,776;8,014;8,707;6,681;9,399;7,666;6,376;7,398;6,278;9,058;8,618;7,407;4,986;8,525;6,865;6,676;5,996;8,669;4,987;7,830;5,271;5,970;4,431;5,327;4,787;6,204;5,474;6,054;6,544;3,829;6,066;5,746;7,438;5,420;9,664;7,996;10,493;12,378;11,252;14,540;14,814;11,059;12,759;10,419;9,282;7,958;7,238;5,653;2,831;3,177;2,900;1,805;4,201;3,512;0,414;1,830;1,813;1,200;3,628;3,230;2,610;1,180;2,976;2,948;0,913;0,510;4,219;2,385;2,325;3,219;4,280;1,830;5,144;1,167;2,127;1,919;0,399;3,392;2,949;2,419;1,262;4,029;2,112;1,909;2,643;2,075;1,969;5,268;2,758;3,860;3,284;3,293;3,626;2,094;2,311;3,116;3,854;1,774;0,804;3,920;4,085;1,485;0,288;1,812;2,440;1,078;2,334;0,279;1,485;1,099;3,932;0,551;2,778;2,360;1,522;0,116;1,080;1,342;1,863;3,719;3,179;2,443;2,529;4,190;3,841;2,752;2,984;1,891;3,761;1,975;3,238;1,685;0,216;2,765;2,262;2,361;2,800;4,047;1,029;3,792;4,093;1,442;0,897;0,126;5,618;2,454;0,907;1,259;3,636;4,087;1,924;3,756;2,357;3,032;-0,323;3,660;-0,227;1,306;3,896;4,314;2,160;4,246;3,014;3,814;1,756;2,631;3,853;2,020;3,030;2,970;2,035;2,085;3,820;2,903;3,047;3,448;2,227;2,059;0,828;1,676;1,774;1,384;2,797;2,041;6,214;5,114;3,910;5,190;6,362;2,981;-0,735;-0,092;2,987;3,752;2,743;2,695;6,108;
275;3,927;-0,922;6,393;0,752;2,149;0,565;2,738;1,226;3,335;0,215;1,703;-0,353;1,478;1,451;0,262;0,693;1,323;1,695;9,356;37,181;132,043;297,703;591,748;848,289;864,736;704,424;452,404;219,771;79,232;24,158;7,975;6,142;4,735;5,451;3,060;3,960;4,489;2,495;4,046;2,709;1,657;1,412;1,378;3,760;2,211;2,889;6,529;10,994;16,307;32,702;42,450;54,247;65,280;62,976;42,221;32,779;23,017;9,723;7,087;5,397;3,988;3,991;2,764;2,752;2,276;2,624;4,477;2,037;2,390;5,781;3,066;4,096;4,870;4,369;4,283;5,597;6,810;6,325;5,595;5,626;7,122;5,750;6,706;6,874;8,219;9,158;7,400;6,624;8,298;6,853;7,144;7,141;9,677;5,992;8,109;7,286;8,829;7,288;7,725;6,639;7,794;7,016;9,592;6,741;7,687;6,698;5,485;7,138;7,090;7,463;6,011;6,004;8,479;8,127;5,253;6,342;6,136;6,784;8,207;7,377;7,707;6,403;6,692;5,673;7,232;7,298;6,709;7,382;4,680;6,537;5,951;6,196;6,009;7,136;6,593;6,342;7,547;5,545;7,119;5,593;7,784;6,809;7,903;10,089;7,857;8,275;6,647;8,406;7,048;8,395;7,610;11,021;11,111;8,614;7,268;10,958;12,136;11,922;13,664;12,333;15,008;15,617;17,323;16,801;17,461;18,435;18,671;21,193;18,536;23,801;20,960;24,121;22,322;26,578;25,193;27,783;24,793;25,568;29,167;30,730;30,593;31,607;31,652;33,542;36,407;32,079;36,058;34,975;35,376;36,806;34,691;34,616;34,014;37,657;38,773;36,872;37,396;36,676;38,410;41,195;38,363;38,740;36,840;37,227;38,839;38,198;42,348;40,113;33,755;41,749;37,786;39,879;40,414;38,700;38,461;39,199;39,249;38,671;36,904;36,310;32,923;37,907;39,711;36,215;35,876;34,526;34,492;38,454;35,694;33,976;32,301;31,365;36,236;32,782;30,133;26,459;28,488;29,621;32,075;28,556;32,905;29,116;25,043;30,510;25,030;25,418;30,122;26,092;27,729;24,043;23,667;25,118;21,344;21,145;23,525;20,761;17,684;21,307;19,033;20,922;21,462;17,008;19,387;15,752;18,140;19,232;18,499;14,345;17,673;16,698;16,144;15,035;13,747;14,814;16,161;12,970;14,262;12,840;15,217;12,243;12,894;12,322;10,254;12,582;11,870;8,646;11,470;9,296;9,390;10,634;9,004;10,932;11,229;15,795;29,360;49,074;73,504;108,005;129,293;149,851;130,307;110,065;91,938;57,106;35,872;19,766;10,758;7,540;7,599;6,399;5,858;6,878;5,864;5,224;5,807;6,293;6,897;4,889;5,367;4,999;6,007;6,080;3,815;4,053;4,843;3,207;4,062;2,748;4,889;5,190;4,128;3,564;2,993;1,281;4,980;3,758;4,308;4,229;1,539;3,796;4,110;2,922;3,665;2,147;2,493;3,845;6,351;6,644;4,631;6,457;4,964;9,243;10,307;11,316;12,086;11,938;10,138;11,918;11,508;10,574;8,282;6,136;5,286;4,053;4,520;2,927;3,324;2,445;3,222;2,589;0,820;1,957;3,454;0,905;2,259;2,185;0,957;0,788;2,426;2,361;1,028;0,844;3,219;1,889;1,870;1,127;0,796;3,490;1,948;2,737;1,977;2,988;2,790;2,248;0,823;0,764;2,674;2,676;3,075;2,029;1,509;3,437;0,759;2,364;2,291;0,820;1,209;1,393;1,685;2,132;2,596;1,102;1,670;1,031;3,882;1,600;3,153;2,972;1,865;1,804;2,217;2,963;0,621;3,135;1,849;3,003;3,136;2,287;1,149;2,473;1,706;4,415;4,150;3,827;4,647;1,632;1,402;2,550;3,203;0,522;2,929;1,078;4,078;2,623;2,750;1,265;3,082;3,213;-0,117;1,876;3,552;1,613;2,002;0,703;2,120;2,789;2,967;1,452;4,003;1,675;2,202;3,024;4,596;4,738;2,905;4,322;1,924;2,286;2,996;2,863;3,583;3,003;-0,030;4,757;2,116;4,079;4,906;1,273;3,182;6,660;3,673;2,969;2,213;3,738;4,316;2,422;4,961;1,819;3,413;5,151;4,524;4,846;2,649;0,828;4,202;-0,483;3,525;2,831;2,621;4,740;2,037;
280;2,509;2,886;1,805;0,583;1,426;1,527;3,552;-0,261;1,712;-0,045;0,790;0,838;1,737;-0,340;0,628;0,286;1,038;1,242;0,564;1,325;-0,221;1,279;1,025;7,336;29,340;104,301;256,753;454,022;646,970;688,103;597,724;388,486;181,337;77,808;24,395;9,025;2,481;3,213;4,516;3,789;1,777;2,644;3,234;2,645;2,112;2,504;2,904;3,164;1,950;2,518;4,135;2,228;6,129;11,848;15,505;27,660;39,414;49,529;57,443;53,347;46,412;31,593;21,111;11,023;8,618;5,072;3,019;4,372;4,336;4,853;5,248;5,644;4,104;5,377;4,654;5,174;5,078;8,982;6,151;5,910;7,138;8,241;8,595;7,125;7,774;9,594;6,546;6,323;9,061;7,621;9,518;9,006;8,415;8,536;8,105;10,746;8,380;8,182;8,276;9,121;8,609;8,244;7,565;7,900;8,169;8,045;8,089;6,824;8,991;8,510;8,604;7,358;6,887;7,087;6,043;8,202;6,511;8,223;7,397;7,266;6,578;7,390;7,857;6,908;6,796;7,054;7,731;6,923;6,519;6,391;9,016;6,157;6,680;7,733;9,501;7,694;7,519;8,169;9,705;8,671;7,769;9,278;8,673;7,922;9,506;7,591;8,611;7,881;9,394;8,558;10,670;10,445;9,860;9,849;11,058;12,328;11,275;11,967;14,376;13,928;11,729;13,973;15,442;15,622;15,591;16,429;15,903;18,716;18,578;18,159;18,688;20,276;18,912;21,174;22,574;23,063;22,825;21,437;22,487;24,355;25,391;26,479;26,159;24,877;26,676;27,493;28,387;26,841;28,701;29,122;29,809;27,786;25,949;27,216;29,947;29,958;28,213;31,810;27,934;30,350;30,335;27,850;30,853;31,941;32,383;32,370;30,234;30,535;27,896;29,923;32,857;30,651;28,916;28,999;26,939;26,002;29,423;30,158;28,270;27,247;27,667;26,783;28,094;28,735;28,443;29,143;29,519;26,471;21,919;26,701;27,477;23,969;27,561;23,495;22,910;23,103;20,755;21,307;23,801;23,795;23,286;19,985;21,946;20,783;22,025;18,836;19,274;19,526;17,643;18,279;17,848;18,486;16,526;15,884;14,417;15,443;15,513;16,187;15,276;16,771;14,211;16,785;14,108;14,038;14,312;13,155;11,728;13,277;11,086;12,810;13,221;11,816;12,737;10,232;10,896;10,174;10,229;8,698;10,253;10,751;9,875;8,821;9,116;8,109;9,754;7,797;10,233;9,008;6,854;8,762;7,986;6,923;9,316;8,140;7,704;6,720;9,314;5,233;5,043;6,641;5,573;8,762;9,299;13,473;20,668;36,152;61,135;89,168;111,319;127,687;116,415;94,205;77,734;51,278;35,421;20,528;9,020;5,668;5,237;5,089;3,633;4,779;4,839;4,805;4,008;4,014;2,835;4,743;5,879;3,166;2,942;5,446;2,776;2,636;4,081;2,360;4,225;1,884;1,789;1,690;3,038;3,461;3,667;2,489;2,388;2,854;1,923;1,429;2,399;2,530;2,509;1,882;1,922;1,185;0,870;1,964;2,401;2,774;2,283;3,962;5,023;4,165;5,577;7,083;7,154;9,889;10,700;12,625;11,285;10,152;7,154;8,550;6,983;5,936;5,285;2,809;5,149;3,104;3,265;2,763;2,175;1,964;2,201;2,477;0,681;1,262;2,835;2,831;1,200;1,087;0,491;1,449;1,304;0,597;1,941;2,021;2,214;1,832;2,403;0,816;0,474;1,935;3,129;2,242;1,764;1,483;3,528;1,808;1,843;2,478;2,269;1,970;1,220;2,303;1,974;1,576;4,413;3,800;2,772;1,368;3,493;3,400;1,762;2,909;1,905;3,093;3,146;1,977;1,817;1,913;1,415;3,520;2,846;2,570;2,206;3,123;1,811;1,146;3,652;1,847;2,567;3,289;2,474;4,623;4,055;3,846;2,361;2,353;1,787;5,805;1,642;1,142;0,332;2,633;0,830;4,280;4,607;2,351;2,955;1,412;1,276;1,827;3,818;1,470;2,860;2,323;4,081;3,119;0,383;1,689;1,272;2,870;1,833;4,469;0,911;3,045;2,806;3,809;1,551;4,505;2,550;2,740;2,610;2,543;2,356;4,440;3,056;5,115;0,595;3,106;1,596;6,941;2,521;1,073;2,570;1,926;5,475;3,061;3,917;1,421;4,215;
285;2,735;0,342;0,585;2,391;3,617;1,795;0,856;0,464;2,371;-0,195;0,597;1,051;2,278;0,937;-0,232;2,175;0,687;1,239;1,106;0,396;0,714;0,832;0,366;1,868;1,252;0,856;0,945;0,871;5,135;18,182;47,400;147,765;318,820;486,266;558,051;519,740;383,715;199,826;87,625;24,563;8,624;4,031;4,359;1,826;2,023;3,451;2,248;2,586;2,972;2,506;1,254;1,304;1,674;2,653;1,789;2,011;1,109;1,819;3,960;6,235;11,625;20,178;29,480;39,751;43,871;48,713;48,682;37,819;21,009;15,151;9,384;8,033;6,047;6,756;6,511;6,911;5,690;7,195;7,641;8,011;7,794;7,164;7,085;7,485;6,982;9,160;8,410;7,993;9,106;8,929;9,872;10,187;8,890;10,886;11,048;8,919;7,912;7,690;9,051;8,172;8,961;8,147;7,346;9,542;9,054;7,269;9,247;9,026;8,889;8,859;10,861;8,396;7,485;8,218;8,834;7,718;8,372;10,509;8,149;7,733;8,518;9,257;8,760;8,012;9,101;8,889;10,243;8,351;8,197;7,536;6,960;7,850;7,273;9,518;9,097;10,248;9,040;8,236;7,691;9,159;10,770;8,694;8,660;10,429;9,897;9,509;11,479;9,217;11,736;10,835;10,340;11,717;10,514;12,834;13,367;12,546;13,638;13,972;12,299;12,999;14,807;14,739;17,231;16,387;16,836;16,696;16,781;17,610;17,450;18,531;19,472;17,993;18,797;19,405;20,008;19,134;23,433;23,060;21,998;21,948;20,418;25,217;22,781;22,298;25,096;22,707;23,296;24,320;25,426;26,724;24,458;24,484;27,417;26,185;27,187;26,302;27,950;24,692;26,245;27,779;24,658;25,823;25,860;25,638;24,429;27,008;21,526;24,442;26,249;26,653;25,006;24,944;25,851;25,358;23,083;23,743;26,135;23,519;22,554;23,911;21,626;24,200;23,167;21,871;23,226;20,691;21,708;19,966;18,538;19,834;21,340;20,430;19,564;20,639;16,683;18,438;15,440;20,580;17,611;17,120;18,164;17,054;17,307;14,945;15,283;14,594;16,002;18,171;13,995;15,070;14,114;15,794;13,387;13,551;12,621;13,706;11,309;10,942;13,910;13,031;12,471;10,880;11,222;10,575;11,243;12,014;10,015;11,641;11,673;9,394;8,596;8,552;10,566;8,999;8,310;7,276;7,104;8,468;6,990;9,482;9,467;6,517;6,589;7,890;6,122;6,460;7,199;6,845;6,943;6,211;6,285;4,838;6,195;5,825;5,218;5,908;6,120;4,557;4,926;3,964;3,877;6,360;4,683;5,783;4,389;4,219;4,831;4,449;2,944;3,638;5,811;3,685;5,170;8,611;15,125;28,637;40,946;65,650;91,695;99,926;102,702;86,511;74,739;49,567;30,980;18,648;8,637;5,502;2,830;3,901;3,014;2,903;2,740;3,472;3,603;2,498;2,187;1,868;3,167;1,519;3,112;1,584;2,488;2,361;2,135;2,850;1,472;1,655;1,009;2,172;1,469;1,850;2,813;2,374;1,073;1,298;0,807;2,808;3,058;2,347;1,612;2,960;1,656;1,365;2,018;1,868;1,423;1,576;1,410;1,305;1,728;2,376;3,808;4,378;5,909;6,023;9,041;7,903;7,146;9,087;7,487;8,388;9,207;7,114;6,484;5,575;5,875;4,707;3,431;2,412;1,900;2,009;1,378;1,974;1,807;0,120;2,284;1,583;1,578;1,997;1,543;2,928;2,466;1,971;1,230;1,614;2,332;4,526;2,592;2,019;1,989;3,204;3,725;1,380;2,747;2,459;3,100;1,956;2,336;0,799;1,924;1,789;1,891;2,873;1,669;2,472;2,412;2,751;2,149;1,572;2,572;3,049;1,573;3,856;2,529;4,327;3,380;1,445;2,236;2,304;1,887;2,531;1,850;2,945;0,017;3,905;5,361;3,567;4,312;2,546;3,598;3,655;2,554;1,792;2,645;4,287;3,420;2,752;2,299;3,896;3,268;5,402;5,108;2,952;3,274;3,839;2,369;1,822;2,765;1,931;1,783;5,518;4,126;3,683;3,802;4,715;2,052;3,817;1,050;1,974;2,728;3,313;3,085;1,668;2,537;3,238;3,225;2,298;2,088;2,677;0,881;4,498;1,913;2,748;3,537;4,526;4,034;3,275;3,212;3,319;3,182;
290;2,544;-0,104;-1,043;2,980;2,767;0,529;1,238;-0,650;0,606;0,523;0,781;1,807;-0,112;1,345;0,998;0,930;1,201;0,893;1,661;1,102;0,706;0,665;1,510;0,411;1,028;0,877;0,142;1,346;0,576;0,654;1,257;0,849;1,693;3,365;15,577;64,103;155,383;288,898;453,144;494,741;442,761;287,012;138,555;54,468;17,012;4,477;2,359;2,151;1,863;2,146;1,626;1,204;2,288;2,015;1,768;1,467;1,134;1,848;1,542;1,315;1,684;1,320;1,755;2,708;4,740;7,790;12,772;19,749;28,612;38,160;46,354;49,907;45,413;32,385;22,646;13,953;9,803;7,514;8,203;7,202;9,001;8,533;9,067;8,736;8,097;9,217;9,265;9,246;8,204;9,770;9,477;9,215;8,261;8,447;8,330;10,175;8,270;8,818;8,806;10,128;8,217;9,168;8,874;10,827;9,751;8,200;7,794;8,658;10,266;8,358;8,617;9,678;8,067;7,977;8,177;8,752;9,115;8,668;9,588;9,633;7,228;8,586;7,934;10,374;8,082;10,102;7,434;12,232;7,724;9,075;8,719;10,066;8,387;10,304;8,862;10,470;10,452;9,732;9,257;10,059;10,678;9,648;9,244;9,165;11,620;10,272;12,375;12,112;12,067;11,025;11,729;11,424;12,386;13,251;13,171;13,496;15,607;14,902;16,591;16,231;15,597;17,196;17,780;18,950;17,891;16,203;19,237;20,624;19,412;18,163;21,748;22,392;21,063;22,323;20,371;25,005;23,572;21,729;24,275;23,777;24,355;24,546;23,347;24,223;23,476;23,610;25,632;22,980;26,581;26,777;23,340;28,950;26,838;24,667;24,129;24,442;24,135;27,461;25,860;24,787;24,926;26,713;26,127;24,179;27,860;25,289;21,880;26,763;25,349;23,086;24,634;26,268;25,482;25,808;24,273;23,282;23,509;23,101;23,385;23,350;22,417;24,878;21,351;23,142;19,802;21,210;22,534;21,134;20,304;21,612;20,126;16,949;18,583;19,396;18,965;17,213;17,587;17,720;16,352;16,778;17,085;17,835;14,963;17,448;16,489;16,911;13,795;15,036;15,443;14,974;13,819;11,273;14,896;13,540;14,551;11,775;12,795;11,519;10,692;11,779;9,823;10,434;10,901;10,731;11,180;10,462;9,468;9,864;8,858;9,420;9,976;9,280;8,902;11,489;7,960;7,562;8,009;7,969;7,125;7,350;6,555;6,562;7,900;7,077;7,899;6,869;5,704;6,037;5,346;5,889;5,236;5,580;4,444;5,886;4,752;3,862;4,962;4,824;4,847;5,150;4,283;5,215;3,696;4,034;3,178;4,756;3,830;3,059;2,950;3,741;4,534;3,297;3,110;4,565;3,993;4,459;2,153;3,221;3,572;1,628;3,753;4,057;6,229;8,624;20,258;30,672;45,285;65,240;82,705;92,257;86,207;74,556;59,257;35,991;23,014;14,617;6,272;3,341;5,074;2,250;2,259;2,302;2,893;2,234;1,849;1,348;1,641;2,015;2,795;2,588;3,117;1,347;3,339;1,042;1,900;2,197;2,427;1,514;1,195;1,192;1,843;1,470;1,720;2,400;2,726;0,548;1,890;1,152;2,432;0,905;1,150;2,122;0,920;1,343;2,057;0,846;1,042;1,843;0,904;1,702;0,880;1,498;2,330;2,136;3,596;3,824;5,088;5,583;5,217;7,832;8,841;7,424;7,930;7,353;8,795;5,631;5,748;7,145;6,501;4,029;3,068;1,779;2,387;2,254;2,102;1,867;2,083;2,231;2,865;-0,035;1,195;1,946;1,549;2,477;1,813;2,155;2,736;2,041;1,501;1,379;1,784;3,582;3,471;0,790;2,197;2,298;1,465;1,890;2,815;1,729;2,024;1,595;2,805;2,676;2,100;3,280;0,840;1,278;3,562;2,557;2,744;2,593;2,536;2,743;2,739;3,562;2,398;2,559;2,961;1,067;1,748;2,519;2,888;1,675;1,553;2,354;1,843;3,157;2,387;4,154;1,049;2,639;2,403;2,219;3,496;3,997;2,536;1,810;2,236;2,013;2,319;1,872;2,132;1,862;3,146;0,913;3,385;0,773;3,604;2,568;1,987;3,871;0,874;4,093;0,631;4,150;2,595;2,139;2,872;4,363;1,099;2,863;3,081;1,319;0,516;4,104;3,036;4,543;4,635;2,487;4,111;
295;3,320;1,032;1,206;1,108;0,568;1,262;1,731;3,329;1,851;1,690;0,209;0,157;1,030;2,021;0,407;1,326;-0,044;0,049;1,082;0,354;-0,122;0,934;0,402;1,303;0,527;1,084;0,704;1,065;0,269;0,469;0,684;0,962;2,448;0,949;1,041;0,757;-0,252;1,181;3,275;12,478;41,153;126,548;250,290;368,842;434,393;371,787;247,596;125,863;46,578;12,690;4,123;3,502;1,853;1,806;2,121;1,152;1,862;1,845;1,714;2,341;1,636;2,271;1,551;1,969;2,640;2,369;1,704;2,267;2,817;3,441;4,012;6,985;12,816;16,268;22,633;31,230;41,114;39,801;40,145;33,973;25,877;18,225;12,560;10,187;9,707;8,063;8,457;9,549;8,772;8,922;7,946;8,689;8,215;7,927;8,730;8,649;8,082;9,297;8,160;10,275;9,452;9,162;8,433;8,930;7,880;6,871;8,404;8,221;8,135;9,428;8,869;9,161;9,922;10,236;8,381;9,489;8,490;9,234;9,243;8,864;7,649;9,983;10,338;8,844;9,102;9,203;9,364;9,206;8,469;8,887;9,648;9,067;10,745;9,485;9,059;9,785;9,541;10,206;9,187;9,658;10,782;11,656;11,419;12,141;11,874;12,122;11,390;12,123;13,944;12,933;11,694;14,557;16,617;15,632;14,950;17,447;18,291;16,250;17,327;17,823;20,429;19,523;20,771;22,169;20,306;22,224;23,092;25,240;23,737;23,504;25,156;24,320;27,832;26,860;24,763;27,988;29,433;27,167;27,398;29,022;28,599;28,781;27,661;28,741;26,862;30,430;30,629;31,916;31,966;30,839;29,059;31,643;32,080;30,646;29,769;29,017;31,689;30,995;28,004;31,229;30,841;30,343;30,984;30,516;32,116;30,342;27,533;28,173;30,006;27,869;31,195;27,892;28,960;30,449;30,103;28,346;26,992;28,295;25,505;25,607;24,795;25,442;24,868;22,815;25,326;24,461;24,182;24,519;24,099;22,418;24,932;22,504;22,673;23,398;19,370;20,642;20,417;19,577;19,881;17,435;19,175;18,660;18,730;19,882;16,808;16,073;16,731;15,803;15,459;16,207;17,548;14,294;14,562;13,497;14,531;14,181;13,883;12,612;13,673;14,070;12,426;11,488;14,339;12,789;10,843;12,704;11,363;10,214;9,097;8,310;9,722;8,906;11,207;10,074;8,051;9,238;9,210;8,010;7,115;7,429;7,017;7,723;4,782;8,184;7,739;5,761;5,894;6,929;8,120;5,910;5,814;5,198;7,005;5,864;6,743;4,649;4,520;5,724;5,730;5,706;4,968;5,600;3,430;4,564;3,898;3,358;4,235;3,589;3,932;3,813;4,291;4,121;4,212;2,732;3,057;4,184;4,113;3,212;3,239;2,612;2,868;2,900;3,771;2,023;1,930;2,550;3,708;3,664;2,110;2,008;2,955;2,922;3,588;7,336;14,403;25,016;40,608;50,503;69,684;76,890;79,185;74,256;57,764;34,239;19,927;13,358;6,401;2,543;2,421;3,011;2,988;2,800;2,088;2,272;1,853;1,286;1,591;1,641;0,405;2,634;1,434;1,935;1,998;1,736;0,825;1,696;2,325;1,680;1,330;0,989;1,700;1,817;1,741;1,863;1,377;2,305;0,071;1,961;0,776;1,389;1,637;1,614;1,689;1,217;1,887;1,130;1,301;1,531;1,546;1,733;1,801;1,748;1,842;1,625;1,915;2,827;3,231;2,710;3,275;4,791;3,945;4,336;5,316;7,619;8,673;8,265;7,426;7,765;7,193;4,703;4,231;3,650;4,628;3,028;3,480;2,524;2,225;2,344;3,003;1,506;2,301;2,520;2,243;2,528;1,843;2,953;2,779;2,568;1,819;2,992;2,282;2,319;4,362;2,665;1,892;2,211;3,119;3,431;2,124;2,676;1,956;2,992;2,173;3,417;1,535;2,870;4,407;4,029;3,085;1,353;3,887;3,230;1,914;3,955;2,165;2,167;2,867;2,666;2,417;1,234;3,161;2,666;3,684;3,658;2,872;2,318;3,808;3,096;0,908;2,976;1,750;3,974;4,657;1,935;2,935;2,927;1,929;3,557;2,790;2,636;5,387;2,562;2,173;4,087;3,630;3,343;3,217;2,909;1,983;3,717;1,597;3,839;2,509;1,360;2,335;4,472;6,828;3,847;4,914;3,036;4,409;
300;1,248;2,641;1,178;1,920;1,304;1,289;0,908;0,037;2,191;0,631;0,169;0,840;1,794;1,200;-0,427;0,546;0,258;1,636;1,299;0,106;1,154;0,842;1,538;-0,444;0,289;0,180;0,660;0,671;0,275;2,057;-0,049;0,694;0,362;0,616;0,720;0,176;0,653;0,443;0,727;0,796;0,572;0,378;0,921;2,100;9,695;38,393;89,113;206,902;320,590;375,998;342,287;217,515;115,024;46,426;14,989;3,230;3,767;1,159;1,977;1,296;1,074;1,128;2,121;1,877;1,391;1,552;2,096;2,801;2,936;2,256;2,685;3,954;4,092;4,421;4,801;5,472;6,729;7,726;11,920;14,380;19,500;28,728;32,869;33,721;34,081;29,939;24,293;18,135;13,792;10,199;8,271;9,264;7,888;7,865;7,551;7,736;7,851;7,427;7,333;8,678;7,461;8,856;7,374;7,386;7,618;7,131;7,687;9,274;7,712;9,324;7,899;7,992;7,494;7,154;8,851;8,179;8,280;7,477;7,792;8,322;7,273;7,774;9,582;8,434;9,130;7,996;9,049;9,089;8,422;9,622;10,854;10,658;9,594;10,181;10,901;10,310;9,693;10,628;10,275;10,437;11,333;12,009;11,448;11,474;12,712;13,619;13,933;14,737;15,525;14,219;15,066;15,598;16,806;18,054;19,852;18,307;19,673;21,948;20,972;20,206;22,699;25,309;23,626;23,901;25,354;25,649;27,727;27,621;31,588;28,834;33,276;30,579;29,411;32,471;34,892;33,516;34,840;34,512;32,898;36,429;34,809;34,500;36,151;36,086;38,022;35,479;35,876;35,524;38,966;36,542;39,104;37,990;37,847;37,655;37,190;38,544;37,366;36,284;37,951;35,749;35,600;34,873;36,745;38,837;38,933;36,915;39,880;36,372;35,862;35,713;35,417;34,874;34,551;32,753;35,831;33,627;35,231;35,681;32,103;31,844;33,437;30,986;32,671;32,638;31,125;29,684;29,301;30,175;27,963;29,327;30,770;27,891;26,233;26,738;26,329;25,492;24,015;24,196;23,532;23,463;22,592;23,028;21,873;20,913;20,391;20,106;19,388;19,359;20,297;20,506;19,169;16,615;16,629;17,274;17,109;18,107;16,697;15,874;14,800;14,879;15,033;15,615;14,885;15,315;13,840;13,676;13,144;14,602;12,245;11,338;11,989;10,517;11,740;9,657;11,504;10,393;10,936;8,553;9,548;9,981;8,924;9,169;7,090;9,271;7,258;9,085;7,491;8,135;6,181;7,287;7,550;7,390;6,991;6,747;6,319;6,267;7,710;6,172;6,545;5,471;6,150;4,845;5,938;5,750;4,532;5,588;5,591;4,385;4,463;4,370;4,576;4,577;4,901;4,091;4,612;4,193;2,456;3,107;4,280;4,269;3,147;3,021;4,490;2,353;3,030;3,288;3,347;2,824;3,083;2,949;3,045;2,110;2,743;2,385;3,078;2,892;2,227;2,571;2,562;2,671;3,542;3,437;3,590;7,115;10,050;18,516;27,646;46,862;55,425;64,305;63,311;59,412;45,319;31,718;21,297;11,626;4,850;5,097;1,983;1,630;2,138;1,423;1,712;1,488;1,486;1,439;1,823;1,307;1,500;2,276;1,432;1,334;1,182;2,992;1,796;1,625;0,606;1,586;1,552;1,654;0,977;2,393;1,515;1,106;1,173;1,514;1,890;1,203;0,882;1,252;1,767;1,450;1,242;1,039;1,779;2,754;0,795;2,051;3,553;1,672;1,330;1,400;3,484;0,960;2,351;3,571;1,823;2,155;3,140;2,925;4,564;2,973;4,384;4,911;6,370;6,256;5,653;7,444;5,823;6,540;6,748;6,915;4,425;5,555;4,282;2,467;3,213;1,613;3,481;3,002;2,589;1,443;1,943;3,712;1,711;2,119;1,596;1,270;2,901;1,519;1,882;0,766;2,831;1,133;2,646;2,645;2,988;3,716;2,932;2,749;1,309;2,872;2,796;2,503;3,339;2,150;2,837;1,412;2,505;3,163;1,368;2,228;2,607;2,413;1,890;0,794;2,290;1,577;1,444;3,587;1,807;2,436;2,380;1,089;4,449;3,542;3,382;4,429;1,802;3,734;2,116;4,044;3,918;4,185;2,701;2,637;2,449;2,915;2,381;2,039;3,941;2,609;2,023;2,368;2,563;1,590;0,359;1,904;2,477;2,470;2,718;
305;1,466;0,519;1,314;1,380;1,674;1,787;0,388;1,874;0,006;-0,103;1,180;1,032;2,484;0,371;0,015;0,547;1,125;1,071;0,359;0,074;0,430;1,173;-0,515;0,820;0,601;0,640;0,415;0,941;0,512;0,259;0,071;0,413;0,412;0,277;0,277;0,844;1,015;1,380;1,032;0,738;0,737;0,447;0,431;0,608;0,285;0,230;0,779;0,236;2,323;7,040;31,914;98,560;182,860;297,585;338,105;296,786;202,810;91,506;39,053;10,578;2,626;2,795;1,570;1,980;2,128;1,515;1,931;2,920;2,255;3,269;3,154;2,928;3,195;3,144;3,978;2,748;4,287;4,266;5,454;3,889;5,178;4,810;6,528;6,940;9,342;13,353;18,689;24,784;31,437;31,574;32,400;28,216;20,867;15,840;10,687;10,038;7,855;6,216;7,544;7,363;6,856;6,481;6,958;6,054;5,668;6,637;8,638;6,179;7,410;6,110;6,327;7,438;7,248;8,110;6,738;7,628;9,353;7,441;8,879;9,501;9,027;7,614;9,099;8,605;9,569;7,444;10,080;8,288;10,076;9,026;11,311;10,774;10,633;10,890;11,043;12,325;9,898;12,887;11,390;11,472;12,163;12,660;13,757;13,437;13,242;14,484;16,574;16,633;14,616;17,668;18,724;18,133;18,558;20,005;20,000;24,016;24,101;25,257;27,820;26,075;30,352;31,214;31,586;32,722;32,897;33,790;35,395;35,667;34,674;39,582;39,367;43,181;41,939;41,832;43,912;42,598;45,238;43,272;47,287;45,667;47,683;49,107;48,102;46,134;47,961;48,325;48,710;51,508;49,978;50,488;51,237;50,115;51,166;54,754;49,359;52,904;52,082;51,775;52,127;49,606;49,440;49,704;50,825;53,626;49,872;50,838;52,174;48,180;48,872;50,702;48,065;47,572;50,342;47,326;47,539;43,978;45,470;44,625;44,042;45,591;44,091;41,536;42,803;40,878;40,011;37,420;37,703;40,483;37,535;36,021;35,922;36,561;35,508;33,937;32,852;34,536;33,881;32,968;30,198;29,623;30,490;32,344;28,557;30,643;27,026;28,678;26,958;26,415;25,376;24,607;21,428;23,514;21,115;22,792;21,345;20,659;20,032;21,049;20,581;18,051;17,421;19,843;19,815;19,877;19,523;16,582;14,689;16,066;16,726;13,839;14,437;14,529;14,741;14,317;14,975;14,920;14,103;14,107;13,137;13,170;12,831;10,355;12,812;9,653;11,600;10,520;10,000;10,215;9,318;9,997;9,296;8,874;7,906;8,158;7,704;8,948;7,463;8,415;7,996;8,014;7,064;7,974;5,870;7,047;6,027;5,065;5,251;6,821;5,012;5,056;4,221;4,112;4,554;5,085;5,509;5,309;5,976;4,716;5,350;4,373;3,898;3,575;4,304;4,496;3,940;3,906;3,301;2,354;2,669;3,614;4,050;4,180;3,649;3,591;2,230;3,167;2,939;2,547;4,276;2,628;2,908;2,859;1,846;2,680;2,548;2,163;2,434;2,166;2,738;2,184;2,280;2,152;3,001;5,849;12,198;23,095;32,792;43,324;54,690;63,167;60,862;55,197;42,230;24,174;17,142;10,543;4,044;2,941;2,600;1,595;1,726;1,107;3,188;2,147;1,563;1,527;1,424;1,565;2,653;0,857;1,581;1,830;1,481;1,424;2,410;1,362;1,727;1,462;1,963;1,963;1,558;0,441;1,405;0,905;1,253;2,471;1,639;0,770;1,526;0,469;0,761;1,255;1,106;1,915;1,812;2,019;1,567;1,434;1,708;2,189;1,328;1,805;1,077;1,494;1,612;1,875;1,218;1,776;2,622;2,681;2,391;2,273;3,946;5,175;6,596;5,547;4,655;5,194;6,775;5,041;4,719;5,454;6,093;5,605;4,271;3,479;5,662;4,056;3,462;3,562;2,673;1,556;2,649;3,066;0,601;1,838;1,693;2,093;2,957;1,847;2,523;2,881;2,234;1,281;1,591;3,350;1,641;1,912;2,747;2,813;3,355;0,801;1,733;2,908;1,451;3,356;2,495;1,501;3,493;2,804;3,120;2,688;2,604;3,545;1,753;2,268;2,152;2,805;2,815;3,097;2,828;0,729;4,656;2,431;2,539;2,318;3,898;1,323;3,260;2,726;2,271;2,099;3,760;2,515;1,372;4,158;4,817;2,373;2,134;0,827;2,615;
310;2,892;0,865;2,064;0,640;3,189;1,797;0,561;0,642;0,951;1,067;1,069;1,420;0,817;0,762;0,685;0,975;0,212;0,908;0,490;0,591;0,856;1,566;0,898;0,393;0,648;0,677;0,727;0,631;0,306;0,490;-0,051;0,458;0,182;0,464;0,420;0,743;0,281;0,739;0,425;0,641;0,285;0,301;0,853;0,126;0,531;0,539;0,273;0,668;0,794;0,327;0,312;1,037;0,683;1,576;7,021;23,518;74,559;166,416;253,490;328,984;302,109;211,706;104,865;38,396;11,645;5,686;1,961;2,395;2,463;2,189;2,303;2,535;2,096;2,804;1,994;2,944;3,559;3,263;3,173;4,225;3,134;3,119;3,815;4,583;4,519;3,609;5,501;4,434;4,014;6,548;7,203;10,213;14,377;20,632;24,026;27,049;28,163;26,179;22,551;16,921;11,651;8,865;6,453;5,451;6,422;5,674;6,073;6,883;6,853;5,820;6,674;6,802;7,517;6,635;7,377;6,607;7,672;7,341;8,136;9,022;9,876;8,580;8,810;8,760;8,284;10,942;9,536;8,630;9,537;11,985;11,977;10,266;11,267;12,131;11,194;12,214;13,914;15,292;13,262;13,780;14,498;14,181;15,735;15,724;17,285;18,951;19,167;20,822;20,351;21,467;22,467;23,550;24,501;27,420;26,181;28,212;29,651;32,253;34,669;33,712;36,631;40,180;41,156;43,189;43,720;45,572;46,376;46,460;50,117;54,751;53,039;53,263;56,073;55,912;60,269;56,942;58,443;64,761;60,125;62,338;60,909;65,498;65,350;65,255;67,890;68,995;67,065;69,260;70,021;66,053;69,616;71,393;67,626;71,260;73,661;69,654;71,128;70,122;67,366;71,968;69,612;70,832;71,074;68,193;69,870;70,099;72,283;67,665;68,048;68,931;62,882;64,820;65,662;66,387;61,003;65,125;60,849;63,364;62,361;62,785;61,491;59,806;58,634;55,948;56,204;58,432;53,532;53,734;53,129;52,719;52,411;52,248;46,956;46,986;48,253;45,098;44,580;44,668;42,211;43,449;40,240;41,494;41,536;36,392;38,251;37,834;36,712;33,746;36,835;33,927;33,803;32,903;32,603;30,802;29,360;28,141;28,973;27,455;27,014;27,063;24,462;25,260;25,534;24,217;23,718;22,519;21,721;21,490;22,560;22,340;20,515;19,919;19,400;19,262;17,575;19,151;17,555;18,281;16,337;16,445;17,136;14,771;15,843;14,380;13,382;14,383;15,303;13,639;11,768;11,843;11,504;12,726;11,157;10,692;11,049;10,198;10,920;10,158;10,381;10,506;9,922;9,093;8,317;8,495;8,355;7,166;7,248;8,108;7,518;7,400;7,253;7,681;7,236;6,127;5,859;7,211;6,073;5,064;5,993;5,241;6,528;6,096;4,603;5,035;4,410;3,911;5,139;4,200;4,664;4,379;4,199;4,673;4,626;3,993;4,107;3,857;3,691;3,079;3,722;4,725;3,146;4,487;3,450;3,064;3,313;4,103;2,674;1,732;2,620;2,800;3,101;2,599;3,102;3,591;3,334;2,935;2,404;2,656;1,964;2,657;3,050;3,534;4,088;6,516;11,336;19,474;26,023;42,543;53,908;59,581;59,902;55,233;44,335;30,602;20,213;10,523;4,273;3,582;2,269;1,295;2,038;2,330;2,529;1,900;1,297;2,051;1,549;2,061;1,312;1,662;1,196;2,491;1,106;1,435;1,152;1,254;1,418;0,943;1,855;1,198;1,243;1,023;1,118;1,741;1,461;0,948;2,109;1,321;1,565;1,788;1,709;1,959;1,234;1,536;1,439;1,890;1,304;2,126;1,576;1,799;1,662;1,094;0,925;1,806;0,687;2,015;0,896;1,373;2,979;2,017;2,482;2,327;3,406;2,844;2,555;4,131;2,882;3,709;4,685;6,072;5,002;5,219;5,177;6,359;4,918;4,327;4,881;3,385;2,824;4,599;2,874;3,061;2,003;2,504;2,243;0,790;2,946;1,969;3,588;1,531;4,086;1,139;2,209;1,972;3,499;1,442;1,043;3,367;1,396;2,005;2,129;2,197;3,953;3,302;3,583;2,662;4,336;1,480;2,960;2,025;0,998;1,180;1,989;2,777;3,781;2,919;2,046;3,575;2,535;3,195;2,423;2,786;3,131;4,221;2,824;4,161;3,376;3,102;2,666;2,868;4,510;
315;1,214;0,799;1,035;1,965;1,309;1,922;0,379;1,126;1,093;0,941;1,758;2,081;1,221;0,736;0,284;0,445;0,945;0,854;0,365;1,507;1,023;0,201;0,279;0,246;0,845;0,537;0,936;0,594;0,985;0,755;0,790;0,177;0,163;0,004;0,486;0,500;0,285;0,376;0,353;1,053;0,055;0,423;0,492;0,638;0,188;0,408;0,198;0,259;0,422;0,285;1,033;0,536;0,283;0,363;0,371;0,359;0,482;0,870;1,431;4,408;20,747;62,682;152,217;257,898;306,903;284,769;192,173;102,539;37,282;10,018;3,053;1,912;2,293;2,277;1,903;1,447;2,164;2,253;2,325;2,549;2,591;1,923;1,787;2,441;2,078;3,177;2,744;2,159;3,083;2,406;2,902;2,282;3,059;2,626;4,029;4,104;5,638;8,309;11,530;16,670;20,482;22,901;24,362;22,380;19,387;15,572;11,443;9,520;6,879;6,967;6,074;6,072;7,187;6,971;7,359;6,994;7,925;7,881;8,306;9,016;9,096;9,538;9,760;8,975;10,642;10,578;10,470;11,313;11,971;11,840;13,246;13,118;12,749;13,213;12,284;13,611;15,867;14,846;14,520;16,690;13,984;15,408;16,025;19,589;18,718;21,601;21,735;20,771;21,749;24,842;25,744;28,126;27,387;30,453;33,548;36,053;38,402;40,404;42,544;46,364;47,387;52,083;53,972;53,691;58,395;58,386;62,368;64,688;64,656;68,078;68,263;68,631;77,006;72,792;77,814;74,594;78,491;79,257;82,475;83,197;82,278;87,402;87,497;92,679;90,208;86,665;91,075;91,113;93,417;93,807;94,832;96,453;92,939;94,181;95,311;96,696;97,301;96,489;94,840;94,264;93,809;99,202;95,964;95,645;93,204;90,649;95,933;91,600;94,760;89,751;89,783;89,278;88,202;88,612;83,302;85,408;85,692;87,484;82,522;79,561;82,735;77,489;77,935;76,832;78,269;77,721;75,247;70,271;70,815;71,613;64,791;65,799;65,552;61,825;63,849;62,760;61,643;56,652;59,484;57,669;55,620;54,747;54,139;52,506;48,894;50,006;49,596;46,402;48,826;45,267;46,196;45,454;43,273;38,648;37,723;40,657;39,777;36,926;36,899;37,486;33,640;33,720;34,403;33,092;30,798;31,279;28,134;28,975;28,872;29,034;26,521;28,074;25,583;24,036;23,109;24,996;24,047;22,548;22,099;21,282;21,625;21,310;19,015;19,220;20,555;18,071;16,448;16,098;16,302;16,350;16,544;14,799;14,674;14,846;14,210;15,108;12,294;13,535;12,272;13,037;12,454;11,440;12,246;13,341;10,032;11,203;10,727;10,002;10,385;9,168;9,486;9,936;9,302;8,868;8,436;7,135;8,003;7,097;7,280;6,759;6,700;7,387;7,409;7,033;6,917;5,900;6,045;6,157;5,405;5,095;5,751;5,545;4,343;4,435;4,945;4,979;5,685;4,743;4,463;4,347;4,411;4,834;3,893;3,842;3,154;3,388;3,346;3,342;4,262;3,060;3,440;3,574;3,437;3,302;3,569;2,680;3,465;3,267;2,913;2,246;2,042;2,354;3,072;2,522;2,658;2,339;2,759;2,443;2,624;1,799;1,900;3,024;5,288;6,314;11,197;19,640;27,408;38,235;51,710;53,709;57,977;50,990;36,871;28,205;16,997;8,919;5,991;3,092;2,809;2,358;3,219;1,876;2,117;1,914;1,809;2,455;1,261;1,698;1,613;1,059;1,625;1,510;1,593;2,155;1,398;1,396;0,791;1,329;1,729;1,278;1,125;1,668;1,142;2,192;2,140;0,777;2,421;2,135;0,999;1,952;1,880;2,372;1,543;2,741;2,284;1,603;1,294;1,386;1,200;1,680;1,177;2,196;1,486;1,962;1,563;1,330;1,237;1,087;1,238;1,860;1,603;1,934;2,070;2,582;2,071;2,435;3,278;3,780;3,177;4,150;3,439;3,484;4,015;3,623;4,124;3,830;3,832;4,464;4,473;4,332;4,558;4,886;2,910;3,682;3,531;2,111;2,951;2,280;2,359;2,149;1,272;1,882;2,700;3,263;1,949;3,304;3,963;3,467;2,088;1,380;1,316;4,092;2,498;2,825;2,557;3,615;4,297;2,706;2,770;2,414;2,442;1,997;3,238;2,610;3,562;1,548;3,876;3,414;2,437;5,518;3,273;
320;0,130;1,561;0,358;0,818;1,656;2,010;2,009;1,323;0,228;0,333;0,762;0,294;1,701;0,266;0,045;0,028;0,411;0,288;1,739;0,034;1,256;0,474;1,025;1,264;0,462;0,449;0,573;0,410;0,422;0,307;0,250;0,749;1,167;0,305;0,378;0,417;0,557;0,476;0,064;0,539;0,721;0,124;0,706;0,350;0,662;0,287;0,348;0,340;0,734;0,812;0,478;0,491;0,436;0,390;0,314;0,113;0,325;0,390;0,392;0,336;0,175;0,419;0,703;1,509;4,212;23,630;74,936;161,117;258,610;301,625;258,291;176,183;77,804;29,566;8,989;3,560;1,936;1,723;1,725;1,449;1,646;1,352;0,920;1,389;1,801;1,212;1,480;1,298;1,457;1,122;1,714;1,986;1,766;2,272;1,857;1,969;1,998;2,506;2,452;2,316;2,759;3,901;4,668;7,346;9,440;14,223;18,946;21,868;23,110;23,454;19,559;17,662;12,560;9,628;9,393;7,746;8,570;7,839;9,349;9,820;8,519;10,202;9,102;10,750;9,399;11,268;11,311;12,323;11,597;12,947;13,597;12,824;13,198;15,502;15,436;15,336;16,887;16,657;17,658;17,159;18,573;19,410;20,202;22,275;23,071;24,909;24,527;27,520;26,989;29,529;31,553;36,097;36,422;38,769;43,986;45,217;48,671;51,433;56,613;57,679;59,799;64,630;68,753;68,344;72,996;76,818;76,534;78,661;84,089;90,426;92,218;92,939;94,753;99,602;98,775;99,223;104,372;108,655;104,681;110,157;115,127;115,800;113,973;119,099;114,456;119,692;117,064;120,265;122,316;125,094;125,872;120,572;122,427;127,001;127,833;128,997;125,198;128,538;129,042;124,600;124,070;123,309;124,935;122,620;125,609;121,237;125,245;118,260;122,729;119,546;119,726;114,413;113,029;112,884;115,022;115,820;114,823;109,399;105,386;104,340;106,252;101,100;101,181;99,227;100,439;97,857;93,086;93,480;90,174;92,338;89,218;88,939;86,951;87,852;83,167;81,261;85,395;76,924;74,720;76,381;73,460;71,962;70,165;70,098;67,908;65,323;63,363;62,005;59,942;58,474;59,100;55,817;53,819;53,046;53,526;53,300;53,791;47,896;49,442;44,647;44,056;43,430;42,393;41,240;43,482;41,200;40,041;40,601;37,642;35,668;34,089;33,761;34,370;32,156;31,205;30,955;31,810;30,724;30,231;27,249;26,414;27,934;26,123;26,105;24,317;23,479;24,899;24,478;21,071;21,251;22,342;21,419;19,426;19,165;19,759;19,448;16,140;18,063;17,558;16,346;14,593;15,234;13,669;13,410;14,327;14,177;13,344;12,671;13,699;12,052;12,428;11,801;12,279;11,795;12,190;10,727;11,116;10,780;8,937;10,629;7,976;9,402;8,892;8,980;8,225;7,708;6,700;8,255;8,376;6,898;7,021;6,049;5,495;6,095;5,876;5,320;6,016;5,921;6,138;6,231;7,083;5,495;5,224;4,190;4,790;3,889;6,082;5,167;3,545;3,765;3,151;4,579;3,835;3,937;4,725;3,974;3,039;3,838;3,856;3,991;4,025;3,185;3,581;3,773;2,499;2,935;2,543;3,389;2,841;3,441;2,667;2,025;2,085;2,372;2,488;3,210;2,672;2,530;2,074;1,925;2,191;3,825;6,615;7,556;13,724;19,448;31,757;40,392;50,128;48,040;47,586;42,405;29,940;17,959;13,407;6,768;3,915;2,882;1,693;1,835;1,819;1,714;1,976;2,073;1,956;1,069;1,970;1,737;1,873;1,615;1,478;1,906;1,922;1,180;1,404;0,962;1,258;1,154;2,219;1,627;2,273;1,224;1,512;1,433;1,203;2,454;1,898;0,712;1,603;0,484;0,331;1,043;0,693;1,387;1,355;1,307;0,924;1,799;1,450;1,128;1,126;1,424;0,483;1,686;0,914;2,143;1,338;0,965;0,881;1,258;1,325;1,166;0,816;2,732;2,207;2,198;3,202;2,479;2,261;2,888;2,948;2,866;3,946;3,282;3,853;4,673;4,045;5,789;3,996;7,556;4,531;5,718;4,266;3,631;4,161;3,555;2,872;1,953;2,946;4,672;2,461;2,970;2,551;3,291;2,141;3,472;2,360;2,818;2,778;3,078;1,656;3,271;3,445;2,559;2,873;3,270;2,715;2,336;2,479;3,214;2,617;
325;0,461;1,470;0,784;1,742;1,276;1,249;1,616;1,242;1,373;1,122;0,756;0,408;0,660;1,128;0,842;0,348;1,554;0,830;0,686;0,964;0,417;0,235;0,417;0,855;0,350;0,175;0,727;0,876;0,330;0,281;0,925;0,372;0,784;0,224;0,470;0,161;0,718;0,186;0,539;0,324;0,258;0,507;0,780;0,384;0,647;0,111;0,703;0,027;0,394;0,259;0,445;0,464;0,523;0,522;0,497;0,641;0,101;0,240;0,222;0,124;0,493;0,417;0,594;0,348;0,374;0,235;0,388;0,705;0,727;6,069;19,801;58,909;147,573;237,055;293,200;270,893;184,776;95,685;31,876;8,471;2,931;1,739;1,593;1,556;0,844;1,241;0,798;1,147;1,572;1,500;0,996;1,230;1,492;1,300;1,520;1,081;1,354;1,927;1,205;2,189;2,156;2,319;2,449;2,778;2,530;3,572;3,800;5,166;5,469;7,819;11,725;14,062;18,738;20,876;24,392;23,193;23,473;19,596;17,676;13,312;12,794;11,670;10,970;11,872;11,036;11,231;12,693;13,968;12,296;13,543;13,417;15,044;16,203;16,523;15,799;18,078;17,029;17,586;19,176;20,555;23,057;23,094;22,820;26,004;26,540;28,243;29,877;31,768;34,221;36,552;37,036;41,667;42,754;51,842;51,717;58,052;58,605;61,242;71,619;72,765;76,430;84,024;86,813;86,900;91,950;96,772;99,680;104,168;110,329;112,731;115,069;121,457;121,752;124,841;126,972;128,787;136,144;135,645;142,521;145,633;144,955;145,210;148,399;150,965;154,534;151,237;160,056;163,376;162,002;164,359;158,511;160,878;165,072;162,920;161,078;168,002;160,065;161,432;165,344;164,031;164,184;161,717;168,062;161,307;161,300;160,793;160,808;159,053;160,512;157,043;156,303;154,543;155,050;153,766;151,393;148,051;146,169;140,136;138,264;139,702;137,511;135,458;130,623;132,997;131,393;128,098;121,968;124,749;123,465;123,464;116,831;115,547;114,364;112,413;108,699;106,786;104,272;102,409;99,303;100,839;96,335;92,939;94,379;91,950;87,693;87,459;83,555;82,585;79,183;78,803;76,877;74,727;71,853;71,333;71,548;67,897;68,347;68,486;62,250;63,107;59,825;60,522;57,957;56,517;52,361;52,201;51,401;50,600;49,796;49,214;46,471;48,016;45,694;44,679;43,285;42,733;38,706;38,860;36,990;36,222;37,571;34,504;35,003;33,198;30,224;30,114;29,756;31,394;28,673;25,060;26,707;25,716;24,892;25,842;25,244;24,893;23,771;20,959;22,323;21,217;22,278;22,009;20,880;20,211;19,913;17,198;17,641;18,570;16,061;16,496;16,090;15,806;14,844;15,525;14,962;12,350;12,742;12,532;11,842;11,916;10,180;11,758;12,360;11,791;12,450;9,786;10,406;9,209;9,404;9,714;9,698;9,504;8,085;8,154;8,139;7,676;8,576;7,095;6,933;6,030;8,037;6,789;6,966;5,978;6,502;6,396;7,658;5,990;6,757;6,030;5,247;5,852;5,535;4,351;4,276;5,147;4,563;3,578;3,779;4,095;4,096;4,350;3,654;4,508;3,635;4,365;3,366;4,304;4,588;4,325;3,080;3,356;3,646;3,005;3,226;2,866;2,873;3,054;2,601;2,235;3,206;2,768;2,883;2,288;2,414;2,395;2,366;3,137;2,439;2,173;3,231;3,968;3,482;7,005;12,273;20,183;26,731;34,124;46,086;50,803;45,246;39,678;35,482;23,394;15,559;8,443;5,406;3,100;1,883;1,730;1,451;2,145;1,627;2,266;1,338;1,858;1,561;1,937;2,067;0,695;1,343;1,260;1,188;1,495;1,636;1,333;1,633;1,532;0,962;1,398;1,927;1,251;1,642;1,001;1,511;1,726;1,259;1,637;1,169;1,785;1,691;1,585;1,307;0,823;1,325;0,152;2,001;2,202;1,236;2,124;1,379;1,897;1,483;1,055;1,486;1,565;0,920;1,589;2,380;1,706;2,076;1,865;1,939;2,074;2,658;2,070;2,436;2,219;2,384;2,598;2,061;2,360;3,851;2,534;4,995;3,576;3,531;4,860;5,328;4,721;6,038;4,168;5,276;5,400;7,012;3,908;4,376;4,197;2,753;4,547;2,511;3,353;2,799;2,055;4,164;3,554;5,440;3,754;3,632;1,748;3,544;
330;0,607;0,802;1,864;0,690;0,690;0,714;0,386;1,575;-0,073;0,997;1,171;0,741;0,697;0,757;0,780;0,235;1,041;1,432;0,765;1,123;0,569;0,639;0,431;0,511;0,412;0,358;0,399;0,863;0,261;1,031;0,814;0,820;0,343;0,323;0,401;0,404;0,955;0,637;0,451;0,399;0,563;0,590;0,658;0,858;0,351;0,602;0,130;0,578;0,315;0,520;0,636;0,332;0,900;0,470;0,628;0,716;0,771;0,943;0,622;0,230;-0,070;0,578;0,431;0,677;0,334;0,186;0,203;0,276;0,226;0,186;0,431;0,371;0,765;1,119;3,356;18,957;56,024;132,408;236,499;298,040;284,548;195,742;94,664;36,451;9,160;2,636;1,600;1,456;1,304;1,036;1,037;1,193;0,951;1,360;1,130;1,138;1,486;1,608;1,275;2,048;2,079;1,906;2,727;2,937;3,042;3,293;4,104;3,972;4,612;5,831;5,329;6,539;6,662;8,119;9,485;9,736;13,095;16,153;18,360;22,638;25,857;25,292;26,158;23,586;20,073;18,702;17,811;16,057;15,575;14,664;15,045;15,768;16,865;17,790;17,567;19,264;17,487;19,681;22,326;22,380;23,697;24,868;26,247;26,591;29,240;31,881;35,367;36,712;37,696;40,204;44,458;47,892;51,550;56,661;60,226;64,242;68,987;76,292;80,784;85,656;91,552;95,584;104,881;107,892;111,215;118,944;116,914;125,776;129,034;135,752;137,187;141,162;150,655;157,532;154,188;160,793;163,882;167,612;167,260;174,673;181,085;185,380;182,407;185,059;188,623;195,874;191,231;196,646;192,847;192,972;201,981;197,209;201,596;200,855;202,960;204,324;203,036;201,041;209,570;209,436;208,376;205,968;202,550;200,909;203,632;201,457;196,705;197,893;198,219;192,254;194,857;193,820;193,995;188,267;186,288;182,418;183,025;176,691;175,802;172,552;172,347;172,197;172,289;164,841;157,961;160,446;159,758;153,190;154,732;147,267;145,490;145,810;142,535;137,995;136,731;131,638;130,897;130,713;125,523;123,618;119,503;119,733;114,655;110,420;112,742;108,709;104,609;104,635;99,180;98,394;95,460;96,329;92,631;89,705;84,529;86,493;83,747;79,850;80,898;75,827;76,045;75,291;70,216;67,597;65,964;67,411;66,659;62,114;63,709;59,056;59,337;57,551;56,072;54,283;51,733;51,852;50,426;50,284;46,650;46,738;41,503;42,451;45,659;41,622;39,343;39,101;36,930;37,921;35,272;36,421;35,674;33,885;32,427;30,299;29,480;30,145;28,409;29,787;26,641;26,002;24,744;25,327;25,927;22,385;21,710;24,738;22,839;20,103;22,439;21,074;19,863;18,897;17,853;19,165;17,344;16,616;16,991;17,205;15,625;15,338;14,661;14,513;13,888;13,409;15,135;12,853;12,389;13,504;12,063;12,740;11,229;10,160;10,782;9,823;9,853;10,044;9,722;9,773;8,730;9,152;8,943;7,580;7,561;8,266;7,810;6,585;7,702;7,139;7,333;6,199;7,299;5,949;5,423;5,124;7,296;6,514;6,113;5,538;6,235;6,745;5,452;4,781;5,493;5,437;4,039;4,378;4,904;5,289;4,615;4,664;4,562;4,462;3,602;4,359;3,838;4,071;3,389;3,290;3,672;3,137;3,748;3,746;3,924;2,646;4,402;3,070;3,510;3,236;3,138;1,979;3,533;3,091;3,690;1,924;2,212;2,131;2,580;2,662;2,354;1,918;1,799;3,003;4,390;6,528;10,575;13,953;23,220;31,458;38,351;44,329;48,747;43,531;35,544;28,925;16,635;9,309;5,166;2,360;2,706;2,044;1,984;2,743;1,769;1,464;1,282;1,618;1,976;1,497;1,985;1,657;0,983;1,381;1,398;1,622;1,170;0,971;1,450;1,161;1,758;1,455;1,199;1,872;0,859;1,133;1,717;1,493;2,352;2,144;0,572;2,621;1,631;1,325;1,308;2,076;1,855;1,704;1,555;1,618;1,544;1,250;1,248;0,922;0,745;1,609;2,498;1,795;2,301;1,702;0,952;2,321;2,153;2,284;1,780;1,865;2,227;2,714;2,726;3,134;2,810;2,461;1,868;2,664;3,310;3,022;4,056;3,500;2,902;4,524;5,115;4,532;3,725;5,674;6,373;6,610;6,395;7,563;7,487;6,678;5,845;6,699;6,652;
335;0,684;1,425;2,680;0,812;2,192;1,120;0,886;0,837;1,139;0,588;0,413;1,353;0,067;0,686;0,658;1,387;0,944;1,205;0,213;0,729;1,100;0,785;0,678;1,127;0,486;0,738;0,445;0,421;0,695;0,720;0,862;0,556;0,204;0,188;0,466;0,575;0,434;0,758;0,094;0,490;0,478;0,439;0,245;0,739;0,755;0,236;0,510;0,500;0,390;0,733;0,282;0,403;0,629;0,097;0,445;0,365;0,407;0,659;0,547;0,213;0,618;0,416;0,248;0,209;0,331;0,758;0,342;0,415;0,531;0,401;0,356;0,553;0,241;0,302;0,593;0,679;0,164;0,693;1,284;4,519;16,950;62,824;145,985;233,084;299,235;262,349;180,722;81,081;32,419;7,773;2,284;1,763;1,460;1,673;1,369;0,824;1,476;1,127;1,728;1,758;1,594;2,586;2,151;2,795;3,334;3,519;3,668;3,849;4,487;4,076;5,545;6,128;6,462;7,288;6,685;7,641;8,416;7,905;9,936;9,392;11,061;14,738;14,649;16,835;21,081;22,500;26,539;27,394;28,024;25,497;24,274;21,806;20,976;19,235;20,466;19,515;21,485;20,414;22,572;24,786;24,651;26,487;29,375;27,882;31,873;34,364;36,915;39,033;42,456;48,591;50,122;56,199;59,834;61,203;69,971;72,562;78,549;84,594;92,176;96,246;101,708;111,000;118,283;123,645;127,723;133,893;142,671;143,988;156,634;159,963;163,032;169,299;172,571;178,713;183,523;187,307;193,482;193,266;202,103;207,815;205,327;211,566;220,944;216,336;223,309;225,642;228,999;236,935;228,673;238,224;239,220;232,038;238,119;240,931;239,218;238,298;246,565;248,327;241,974;246,432;245,051;239,739;246,793;238,048;238,233;243,559;242,286;237,629;236,166;235,443;235,100;233,612;226,642;227,336;227,145;221,996;218,778;214,742;210,171;214,633;204,181;205,082;198,332;200,201;197,977;193,258;187,788;188,283;179,376;184,170;174,263;176,357;170,708;164,518;163,291;162,016;157,893;156,261;153,614;146,329;143,381;140,738;137,026;134,124;133,132;133,048;130,420;122,340;123,510;120,631;114,553;112,197;110,005;108,206;105,283;101,758;99,536;98,739;96,046;94,051;92,438;90,307;83,224;86,742;82,793;80,379;81,192;76,293;71,761;75,940;71,437;66,815;69,384;65,270;64,590;62,094;59,602;61,590;59,937;56,361;54,660;53,747;50,180;50,387;48,862;47,396;44,103;43,339;40,973;42,147;40,912;40,284;39,511;38,203;36,983;39,875;35,550;34,329;32,628;33,628;30,515;29,491;28,958;29,554;27,198;26,518;26,199;25,594;25,497;23,962;24,130;22,387;20,791;20,679;20,288;20,901;20,678;19,972;19,149;16,881;18,092;15,685;15,487;16,587;16,539;16,179;14,913;15,645;13,811;14,715;14,858;13,111;14,601;12,851;12,459;10,926;11,679;10,357;11,193;11,354;9,993;8,532;9,767;9,288;10,086;8,395;8,841;9,336;8,392;7,407;8,383;8,484;7,612;7,752;6,991;6,485;7,486;7,046;6,740;6,684;5,763;6,103;5,913;6,072;5,991;5,510;5,410;5,580;6,368;5,450;5,290;4,949;4,940;4,697;4,022;5,088;4,769;4,920;4,364;3,324;3,706;4,409;3,819;2,857;3,517;3,578;2,462;3,300;3,067;2,725;3,221;2,608;2,818;2,658;2,716;2,870;3,059;2,578;2,764;2,236;2,337;2,370;2,144;2,408;2,560;2,401;2,376;2,542;2,243;2,730;2,544;2,432;4,909;7,906;11,573;19,387;26,171;33,327;42,786;48,164;44,991;41,913;34,990;21,301;13,031;7,995;3,843;3,302;2,449;1,943;1,099;1,120;1,929;2,178;1,416;1,957;1,348;1,336;2,635;2,012;1,927;1,571;1,564;2,117;1,040;0,963;1,560;2,522;1,417;1,802;2,088;1,631;1,837;2,052;1,781;1,020;2,011;1,885;2,259;1,547;1,771;1,089;1,897;2,304;1,751;2,627;1,945;2,463;1,945;1,821;1,175;1,621;3,045;1,511;2,556;1,573;3,019;2,274;2,957;2,347;1,562;3,644;3,265;1,892;2,661;4,054;2,384;2,880;4,387;2,643;1,902;2,307;3,123;2,494;4,368;4,225;4,365;6,029;4,771;6,680;4,405;
340;1,220;2,272;1,394;1,587;1,543;1,404;1,467;1,484;1,246;1,564;0,463;1,193;2,212;0,559;0,985;0,649;1,038;0,901;1,069;0,598;0,812;0,795;0,507;0,536;0,442;0,351;0,494;0,265;0,616;0,805;0,425;0,364;0,450;0,504;0,447;0,469;0,410;0,018;0,344;0,570;0,423;0,382;0,512;0,294;0,198;0,613;0,159;0,576;0,428;0,510;0,400;0,628;0,373;0,493;0,612;0,532;0,272;0,107;0,540;0,547;0,596;0,356;0,652;0,416;0,647;0,445;0,362;0,350;0,312;0,492;0,404;0,507;0,256;0,295;0,327;0,507;0,317;0,166;0,491;0,413;0,286;0,348;0,325;0,970;3,764;14,843;42,162;121,291;217,151;287,394;271,955;190,650;95,859;33,198;8,615;2,839;1,833;1,772;1,569;1,515;1,653;2,241;1,825;2,610;2,706;3,178;3,942;4,395;3,917;4,419;5,134;5,856;5,341;6,240;6,912;7,242;7,415;8,015;8,807;8,863;9,917;9,107;10,329;11,304;12,282;11,669;13,551;15,582;16,054;19,413;21,643;23,495;26,410;28,287;29,452;29,846;30,284;27,083;28,985;26,729;26,717;27,123;31,500;33,827;34,027;37,948;41,705;41,566;47,309;48,711;55,894;61,834;63,628;69,316;75,770;82,991;88,822;92,085;103,178;109,461;116,431;127,949;132,533;139,995;148,227;151,595;162,152;165,760;174,207;183,716;186,557;191,005;197,863;203,945;205,064;220,643;222,912;225,931;225,851;233,769;238,893;240,427;246,952;252,357;253,262;259,748;263,182;261,262;268,422;267,064;274,496;273,923;275,831;281,412;282,486;279,850;283,956;289,125;288,605;283,504;280,542;276,533;280,533;283,331;280,282;284,550;279,485;277,762;275,613;272,859;267,763;266,315;265,265;260,733;259,425;257,510;253,200;252,308;251,040;250,950;238,125;235,042;235,639;232,709;230,504;229,113;218,878;215,076;213,045;207,855;214,244;200,256;198,766;192,176;188,916;188,060;185,863;181,253;175,701;171,005;170,054;163,219;159,902;160,316;152,502;152,302;150,521;146,505;141,964;137,259;138,141;134,332;129,313;129,364;123,634;116,819;114,889;112,669;114,595;105,433;103,726;101,083;97,047;99,244;93,526;95,661;91,971;89,510;85,203;84,837;84,516;77,624;76,582;77,954;75,357;72,813;69,426;71,471;66,967;65,155;61,061;62,530;58,783;60,691;57,369;54,182;53,577;52,643;50,199;50,239;47,335;47,885;45,252;46,405;42,392;41,491;40,508;38,550;36,740;36,713;35,678;32,477;34,548;30,824;32,647;31,852;30,854;29,132;28,001;27,771;29,162;25,957;24,489;24,958;24,611;25,121;22,445;23,720;23,111;18,574;18,883;20,131;19,704;17,453;19,706;17,709;17,844;17,621;15,123;17,624;17,373;16,014;14,484;16,216;13,829;13,824;12,935;13,573;12,451;13,017;11,899;13,822;13,768;10,626;10,620;10,260;9,136;9,923;10,208;10,568;8,689;8,103;8,431;8,356;7,983;8,276;7,422;7,345;6,595;8,001;8,086;6,194;5,864;6,715;5,741;5,485;6,877;5,403;5,941;7,894;5,086;5,532;4,891;5,937;4,992;5,602;4,570;5,063;4,794;4,501;3,244;5,296;3,839;4,447;4,914;3,375;4,213;2,934;3,762;3,042;4,176;3,993;4,022;3,685;3,648;2,706;3,343;3,178;3,963;2,919;2,224;2,595;2,987;2,328;2,877;2,807;2,562;1,922;2,315;2,036;2,018;2,398;2,137;2,132;2,315;1,599;2,266;1,792;2,138;1,926;2,286;2,676;3,232;7,057;11,307;16,265;23,904;34,181;40,926;46,682;47,838;49,672;42,836;32,892;20,727;12,264;6,170;2,873;1,959;2,187;1,257;1,442;2,014;1,644;1,409;1,597;0,977;1,242;0,884;1,532;2,254;1,710;1,030;2,294;1,969;1,459;0,875;1,615;1,190;1,364;1,988;1,906;1,616;2,488;1,683;1,013;1,985;2,171;1,563;2,848;2,306;1,203;2,394;2,684;2,989;1,833;2,178;1,064;2,255;3,253;1,611;3,119;3,180;3,844;3,512;2,983;2,955;2,324;2,745;4,156;4,981;2,691;4,588;3,791;2,432;2,648;2,905;2,709;3,358;4,939;3,736;
345;1,272;1,142;1,921;1,553;1,119;1,330;0,948;0,905;1,167;0,738;0,167;1,642;0,671;0,530;1,563;0,832;0,498;0,902;0,648;0,933;0,194;1,055;0,523;0,652;0,797;0,651;1,043;0,570;0,650;0,307;0,718;0,557;0,210;0,399;0,351;0,605;0,582;0,256;0,341;0,634;0,572;0,030;0,328;0,327;0,578;0,824;0,202;0,444;0,442;0,560;0,319;0,044;0,419;0,376;0,559;0,465;0,303;0,303;0,354;0,708;0,161;0,628;0,715;0,246;0,807;0,589;0,473;0,495;0,417;0,391;0,461;0,409;0,114;0,089;0,586;0,409;0,377;0,214;0,303;0,436;0,172;0,447;0,515;0,284;0,435;0,637;0,388;0,568;0,833;2,028;14,306;44,528;100,499;196,211;273,450;292,824;217,603;107,912;37,735;9,281;3,080;2,187;1,894;2,160;2,331;2,769;3,707;3,073;3,780;3,221;4,056;4,319;5,822;5,803;6,330;5,399;7,253;7,639;7,394;8,479;8,859;9,271;9,003;9,981;10,604;10,771;11,718;13,305;12,628;14,030;15,533;15,156;15,233;18,029;18,205;21,119;23,641;27,637;30,373;33,814;37,049;36,880;38,969;42,579;36,944;41,539;40,876;46,135;48,572;54,265;56,553;61,734;69,288;75,377;79,717;89,073;93,468;103,141;111,424;120,626;125,444;131,548;140,161;146,543;155,386;166,054;175,347;184,395;187,106;192,065;202,021;211,980;211,475;220,983;225,209;234,756;238,047;248,252;244,952;255,419;257,929;264,037;274,731;275,289;282,719;285,149;289,360;289,217;296,901;298,913;302,164;304,564;307,503;309,177;307,217;311,877;309,116;316,989;315,672;312,024;311,369;314,076;315,014;310,525;310,384;315,653;311,761;305,463;305,290;301,552;299,315;296,820;294,427;288,766;286,190;282,025;285,133;278,585;279,966;281,612;270,857;270,905;263,055;258,988;256,818;247,881;246,779;245,359;245,466;231,976;229,951;226,729;221,029;215,964;213,091;206,555;206,902;203,536;196,919;191,230;188,078;183,261;179,583;176,674;173,274;167,842;165,482;163,463;155,209;156,272;153,872;148,211;145,578;143,468;137,183;132,482;133,894;126,185;125,349;123,898;121,375;116,219;114,137;109,416;106,513;105,238;103,482;101,521;97,139;97,773;89,964;91,411;87,119;85,028;84,100;80,237;76,381;77,072;77,054;73,316;71,398;66,250;65,993;65,465;60,844;63,186;60,858;59,165;59,051;56,260;55,806;52,352;50,387;48,692;49,222;46,385;46,640;44,717;42,061;41,766;39,130;40,909;36,729;37,823;35,810;35,799;33,497;35,181;32,146;32,959;31,404;29,439;30,208;29,048;27,885;26,967;25,926;24,648;24,458;24,089;22,771;22,670;21,635;20,723;20,987;20,822;19,359;18,515;18,344;18,134;17,950;17,469;16,405;18,060;17,345;14,724;14,300;13,823;13,816;13,597;13,814;12,099;12,987;13,214;11,005;11,043;12,518;10,720;10,483;9,673;10,414;11,037;8,510;8,642;8,925;10,031;8,493;9,013;7,352;8,367;7,613;8,312;5,598;6,446;7,291;7,874;6,511;6,810;6,155;6,698;6,271;6,395;5,693;6,666;6,218;5,883;4,913;6,332;4,941;4,761;4,214;3,925;5,130;3,659;3,837;5,152;4,792;4,099;4,158;4,064;3,708;3,926;3,307;3,631;2,813;3,046;3,640;3,358;3,462;3,097;2,861;2,569;3,045;2,290;2,642;2,874;1,841;2,507;2,208;2,299;2,226;2,229;2,119;2,175;1,993;2,975;1,955;1,944;2,314;1,903;1,976;2,668;2,277;1,551;1,630;2,272;1,732;1,151;2,250;1,585;3,003;2,543;3,532;7,999;11,122;19,829;27,624;35,186;42,614;50,880;52,118;44,801;42,741;34,507;25,319;17,030;8,402;6,589;2,837;2,028;2,207;1,150;2,147;2,942;1,060;2,808;2,315;1,638;1,577;2,124;2,389;1,841;0,822;1,956;1,741;2,151;1,693;2,950;2,709;1,987;1,172;1,987;1,875;1,927;2,419;2,394;2,581;2,282;2,270;3,110;2,287;1,930;3,270;3,416;2,893;2,292;2,385;3,360;1,802;2,517;3,039;3,817;2,924;4,472;3,036;2,770;4,736;1,715;3,773;3,288;2,380;
350;1,372;1,488;1,095;1,155;1,622;0,802;1,197;1,730;1,161;1,123;0,908;0,951;0,802;1,447;0,492;0,780;0,366;1,299;0,693;1,329;0,526;0,856;0,500;0,504;0,723;0,809;0,619;0,723;0,242;0,691;0,310;0,667;0,651;0,393;0,525;0,490;0,580;0,593;0,670;0,089;0,299;0,905;0,773;0,356;0,289;0,312;0,116;0,644;0,552;0,984;0,451;0,543;0,484;0,124;0,343;0,501;0,359;0,564;0,331;0,213;0,458;0,216;0,377;0,484;0,640;0,228;0,192;0,499;0,439;0,539;0,474;0,354;0,522;0,286;0,373;0,694;0,579;0,385;0,477;0,182;0,381;0,240;0,385;0,186;0,170;0,382;0,155;0,407;0,503;0,132;0,167;0,586;0,668;0,950;3,186;12,119;42,388;111,214;184,782;265,550;266,267;209,017;121,211;48,743;13,255;3,774;2,650;2,672;3,234;3,849;3,362;4,129;4,350;4,451;6,040;5,963;6,069;6,036;6,291;7,377;7,034;7,451;7,736;8,973;9,515;9,554;10,196;10,568;11,994;11,442;12,801;13,752;14,170;15,313;17,498;16,901;17,797;20,990;21,631;23,816;27,179;28,358;32,115;36,407;44,732;47,501;49,407;52,199;56,153;57,055;61,273;66,963;70,390;75,248;82,367;89,207;95,789;101,628;111,266;117,429;129,229;137,334;143,685;155,137;163,449;171,625;180,510;187,286;194,407;204,120;206,803;217,753;222,372;227,029;241,809;242,587;249,383;256,432;261,679;268,364;276,063;283,384;283,362;290,588;292,894;299,369;300,844;305,720;309,833;312,728;316,800;324,875;322,750;324,838;331,780;326,275;329,086;329,165;330,329;331,699;330,007;334,384;321,389;327,637;331,201;328,812;327,568;330,119;321,664;318,771;324,422;317,912;312,800;313,294;305,184;304,268;299,677;299,460;296,158;288,539;285,122;279,399;283,631;275,880;271,644;262,491;261,839;259,856;255,287;249,862;246,303;237,196;238,603;231,162;227,339;225,188;217,222;210,786;211,459;205,983;202,759;198,897;194,706;189,030;184,942;182,815;176,291;175,206;166,197;165,621;158,984;155,402;158,552;151,313;148,039;145,650;137,086;136,552;133,664;132,162;125,422;123,641;122,386;118,931;113,880;113,829;108,458;106,231;105,761;102,443;99,446;94,150;92,034;93,168;85,369;88,053;85,253;81,310;81,064;76,344;76,926;69,232;71,905;68,200;67,203;64,483;63,783;64,396;60,870;58,168;60,215;54,889;54,962;55,401;50,170;48,449;49,337;46,872;46,187;45,500;45,068;42,250;38,492;39,460;39,121;38,717;37,995;34,710;34,489;32,689;31,546;30,072;32,159;31,965;29,353;27,359;27,786;27,122;24,765;25,576;24,838;25,439;23,584;22,672;20,001;20,813;20,857;23,483;19,139;20,011;19,144;18,987;18,858;18,772;14,785;16,731;15,037;15,855;15,324;15,241;13,764;14,852;12,735;12,665;13,059;12,706;11,616;10,966;12,270;11,185;10,466;11,067;9,445;10,078;9,661;9,375;8,497;8,909;8,743;8,661;7,990;7,762;7,784;7,439;7,296;8,679;7,191;7,651;7,041;6,979;6,623;6,852;6,130;5,819;6,607;5,692;5,211;5,211;4,277;6,425;6,258;4,440;4,744;5,757;4,408;5,375;4,154;4,665;4,608;4,519;4,048;4,146;3,601;4,027;3,869;4,055;3,001;3,493;3,221;2,612;3,411;3,882;3,705;2,850;3,446;2,709;2,518;2,422;2,978;2,979;2,451;2,716;2,027;1,757;3,221;2,187;2,149;1,608;2,486;2,116;2,009;2,086;2,034;1,565;2,313;1,795;0,997;2,206;2,007;1,761;1,396;1,289;1,781;2,376;2,066;2,062;1,619;1,773;2,073;1,216;2,258;3,132;5,097;8,270;13,092;19,217;27,871;35,586;38,653;43,824;40,746;36,547;33,098;25,806;14,968;9,212;6,353;3,508;2,307;2,217;1,307;1,745;1,722;2,579;2,426;2,523;1,725;2,705;1,735;2,673;3,136;1,611;2,117;1,994;2,054;2,883;2,340;1,815;1,752;2,615;2,136;3,390;2,633;3,637;2,236;2,598;1,421;3,145;2,931;3,368;2,272;2,829;2,621;2,775;4,454;3,809;4,194;3,587;3,663;2,947;3,114;
355;2,155;1,659;1,756;1,106;1,552;1,667;1,180;1,305;0,740;1,544;0,892;1,130;0,783;1,221;1,428;0,876;1,810;0,709;0,628;1,463;0,690;1,286;0,583;2,777;0,679;0,419;0,604;0,517;0,732;0,805;1,106;0,609;0,609;0,911;0,470;0,478;0,222;0,658;0,681;0,578;0,652;0,260;0,424;1,014;0,609;0,489;0,739;0,573;0,596;0,532;0,362;0,532;0,598;0,476;0,841;0,305;0,569;0,802;0,393;0,612;0,603;0,572;0,600;0,221;0,489;0,270;0,523;0,491;0,570;0,473;0,135;0,231;0,465;0,434;0,216;0,481;0,283;0,485;0,480;0,174;0,284;0,514;0,335;0,225;0,564;0,541;0,247;0,427;0,433;0,501;0,245;0,498;0,580;0,485;0,392;0,479;0,551;0,563;0,546;2,554;11,702;30,685;81,972;155,063;213,309;221,071;161,450;94,355;39,146;11,532;5,137;3,577;3,372;3,774;3,793;3,603;4,063;4,607;4,817;5,259;5,296;6,092;5,928;7,093;7,420;7,099;7,535;8,026;9,407;8,444;11,320;11,467;12,579;12,115;13,662;15,705;17,231;18,127;17,664;20,123;22,568;24,310;26,460;29,262;31,608;37,199;39,318;42,933;49,258;53,587;61,289;69,124;74,824;79,392;85,829;92,070;99,874;103,608;112,621;117,452;125,820;133,484;143,124;151,499;158,348;165,329;175,380;182,571;190,566;199,797;206,155;215,395;227,619;226,964;234,925;244,461;252,308;261,076;265,600;267,679;274,975;276,191;285,379;293,529;290,915;297,803;301,159;312,827;312,764;320,202;323,983;326,785;331,631;330,083;333,572;331,626;332,307;336,282;340,409;335,320;334,997;336,483;333,912;333,181;332,395;337,648;327,958;331,931;330,476;329,135;325,738;322,200;322,262;317,820;311,263;313,432;307,493;306,944;300,324;297,346;294,308;288,973;286,120;279,538;279,264;275,580;265,794;261,135;259,704;255,248;250,617;250,046;241,938;242,970;229,657;227,016;223,119;221,114;214,441;212,935;208,175;203,369;200,781;194,476;184,645;188,987;182,679;179,438;174,863;173,808;167,866;159,498;159,670;159,477;152,661;146,677;144,255;142,611;137,673;137,332;133,901;129,835;123,122;121,982;120,781;116,389;110,894;109,837;106,935;104,235;103,701;97,115;96,373;94,248;91,223;88,214;87,893;84,234;82,011;80,252;80,190;76,992;74,069;68,332;68,055;69,405;66,759;62,718;61,963;61,084;59,359;60,527;57,547;52,598;54,048;51,910;48,661;49,133;47,743;44,906;44,806;42,968;42,950;40,859;39,884;38,147;38,578;37,178;37,469;37,215;30,609;33,142;32,227;33,833;29,540;29,158;31,002;26,458;25,472;26,453;24,798;24,128;24,366;22,357;25,085;23,206;22,231;22,232;21,055;20,594;21,093;19,940;18,611;18,597;16,888;15,758;16,962;15,952;16,098;16,413;14,259;14,058;14,520;13,614;13,261;12,484;13,472;11,879;12,131;10,979;9,753;10,505;10,685;9,960;9,341;9,793;10,392;9,836;8,873;8,231;8,475;8,072;7,628;8,741;7,095;6,958;7,090;7,238;6,410;6,006;7,922;5,823;6,129;6,415;4,679;6,669;5,960;5,216;5,582;5,630;5,531;5,704;5,377;4,916;5,309;4,909;4,499;4,429;4,661;4,154;4,280;4,787;3,540;3,218;3,813;3,683;3,046;4,089;3,314;3,187;3,095;3,217;2,970;2,620;3,264;2,626;2,888;2,962;2,921;2,308;2,282;3,039;2,843;2,122;2,289;2,552;2,703;2,467;2,834;2,118;2,481;1,802;3,001;2,028;1,661;2,140;1,552;2,075;1,984;1,572;1,500;1,125;1,477;1,581;2,099;1,238;1,695;1,632;1,628;1,373;1,573;1,571;1,947;1,856;1,711;1,579;2,284;1,922;2,208;1,467;2,221;2,574;3,922;5,714;10,275;15,579;22,953;26,301;28,793;31,108;31,782;30,887;28,516;21,959;15,146;8,711;4,609;3,512;2,221;2,109;2,528;1,955;1,290;2,012;1,393;1,485;3,027;1,858;1,677;1,875;1,162;2,672;1,928;1,844;1,971;1,781;1,492;2,760;1,584;2,088;2,222;2,096;2,418;2,863;3,085;3,666;3,498;3,035;2,331;3,327;2,031;
360;3,136;1,516;1,817;0,757;1,928;2,044;1,375;1,128;0,775;1,298;0,953;0,671;0,701;1,347;0,739;0,529;1,148;1,308;0,981;1,479;0,565;0,580;0,709;0,805;1,316;0,940;0,495;0,558;0,755;0,545;0,185;0,402;0,949;0,376;0,456;0,543;0,357;0,731;0,756;0,524;0,236;0,642;0,475;0,294;0,446;1,086;0,468;0,553;0,494;0,553;0,294;0,453;0,359;0,497;0,386;0,714;0,495;0,332;0,474;0,677;0,279;0,717;0,550;0,597;0,596;0,167;0,445;0,590;0,300;0,471;0,479;0,316;0,469;0,617;0,633;0,462;0,297;0,638;0,180;0,560;0,201;0,202;0,192;0,234;0,311;0,574;0,346;0,574;0,494;0,361;0,467;0,307;0,287;0,189;0,373;0,362;0,460;0,371;0,622;0,443;0,299;0,527;0,634;0,851;2,226;9,809;36,028;77,881;143,987;182,809;178,905;130,724;63,352;24,374;8,604;4,164;3,024;3,204;3,485;3,163;3,513;3,565;4,239;4,180;4,487;4,224;5,496;5,595;6,305;7,415;7,684;9,666;9,218;10,171;11,575;12,936;13,572;13,773;16,383;18,033;19,028;21,273;22,528;26,255;28,338;30,141;34,236;36,124;42,113;46,593;51,142;56,800;61,388;67,668;74,547;82,633;90,442;96,785;109,828;115,985;126,332;133,147;137,079;146,423;152,368;159,646;168,526;175,989;182,170;188,653;200,022;208,093;216,390;221,404;226,330;236,506;241,638;247,645;256,624;259,073;268,196;275,154;280,849;283,885;287,275;294,843;295,559;303,551;301,003;310,210;312,571;313,660;316,930;326,876;318,475;320,892;321,653;326,922;325,608;330,595;331,664;329,625;331,301;328,706;330,250;326,181;322,971;325,802;323,524;319,414;317,877;313,852;318,658;309,423;306,722;306,131;302,328;303,250;296,800;294,517;287,747;287,567;283,551;283,740;277,771;272,065;268,662;262,461;259,129;251,944;250,101;245,167;241,827;235,040;233,759;228,663;223,028;217,977;212,835;211,437;208,412;207,787;199,953;195,282;191,339;185,207;177,124;173,549;171,883;169,915;169,209;160,401;160,326;156,156;150,337;149,224;144,273;139,809;133,321;130,309;131,232;128,161;123,951;120,992;122,861;115,709;111,765;107,805;106,903;103,710;99,156;101,410;95,146;96,425;93,418;92,727;85,823;84,096;82,175;78,993;77,104;74,799;74,696;71,754;68,983;66,334;66,404;62,075;61,073;61,740;60,785;57,335;56,411;58,171;55,315;50,625;51,387;46,508;48,025;47,331;45,360;41,560;43,280;41,481;41,653;38,023;37,501;36,953;34,549;33,404;33,863;33,216;34,566;32,594;30,498;28,965;28,349;26,940;27,570;25,557;25,959;24,601;23,754;22,087;23,994;23,998;22,534;21,557;20,277;19,062;20,158;19,371;17,256;18,033;16,885;16,331;16,086;14,535;14,028;14,201;14,811;13,737;14,074;12,934;11,950;13,068;11,882;11,883;12,267;10,991;11,310;11,104;10,521;12,406;10,926;9,389;10,336;9,675;8,432;9,177;8,926;7,837;8,295;8,797;7,323;8,324;7,731;7,473;7,658;6,800;6,870;7,677;7,145;6,481;5,778;6,928;6,544;6,139;5,279;5,423;4,985;5,355;3,872;5,244;5,071;4,570;5,058;4,542;4,512;4,195;4,082;3,853;4,294;4,089;3,754;3,746;3,013;3,053;2,817;3,420;3,592;4,081;2,795;3,647;3,400;2,661;3,030;2,386;2,934;2,433;2,742;2,801;2,932;2,555;2,321;2,976;2,736;2,344;2,246;2,958;2,424;2,204;2,293;2,422;1,179;2,225;1,936;1,831;1,575;3,005;1,465;2,044;1,787;1,759;1,403;1,696;1,968;1,660;1,162;1,528;1,662;1,126;2,408;1,803;1,096;1,783;1,404;2,053;2,080;1,940;2,139;1,883;1,054;1,033;2,112;1,770;2,273;2,131;1,497;2,279;1,441;3,117;3,268;6,721;7,977;14,835;17,381;21,875;22,827;29,940;27,744;29,598;25,216;22,393;15,977;11,033;7,961;3,729;2,234;3,449;2,076;2,125;1,646;2,692;3,337;1,811;1,180;1,910;2,216;3,209;1,755;2,168;1,857;2,254;2,236;2,316;1,545;3,153;1,837;1,208;1,732;
365;1,074;2,469;1,578;1,117;0,947;1,302;1,336;1,106;0,718;0,968;1,715;0,531;0,553;0,769;0,978;0,792;0,960;1,233;0,672;0,436;0,753;1,216;0,963;0,518;0,482;0,713;0,924;0,851;0,946;0,649;0,891;1,087;0,638;0,487;0,685;0,798;0,707;0,301;0,698;0,748;0,410;0,783;0,438;0,636;0,437;0,842;0,371;0,380;0,293;0,248;0,449;0,396;0,546;0,610;0,584;0,375;0,399;0,445;0,404;0,487;0,191;0,570;0,316;0,440;0,523;0,194;0,254;0,402;0,316;0,113;0,637;0,313;0,538;0,385;0,450;0,377;0,377;0,528;0,322;0,232;0,451;0,289;0,370;0,494;0,345;0,528;0,630;0,438;0,324;0,371;0,490;0,229;0,388;0,560;0,332;0,545;0,484;0,497;0,308;0,362;0,523;0,459;0,452;0,606;0,480;0,608;0,488;0,613;0,778;2,855;9,568;32,023;80,105;135,681;168,639;155,990;111,252;53,761;21,633;7,358;2,797;2,570;3,145;2,668;3,109;3,563;3,706;3,826;4,702;4,546;5,762;6,287;5,459;8,466;8,619;10,118;10,849;11,575;13,147;14,166;16,697;18,539;19,277;21,897;24,365;27,074;27,812;31,119;36,273;39,658;43,984;49,259;54,375;59,440;64,851;70,461;76,999;82,451;92,497;98,857;110,623;118,611;126,670;135,557;144,621;151,960;157,106;171,283;174,946;181,426;190,687;193,814;200,654;207,423;213,835;220,295;229,575;229,426;242,173;245,165;251,135;257,001;262,623;265,996;271,170;276,738;279,749;280,389;293,856;295,443;298,086;296,188;301,307;304,532;300,477;308,831;314,322;311,711;315,675;314,120;315,768;320,412;318,415;315,522;318,087;314,961;316,173;309,228;310,701;312,257;310,554;308,195;301,233;305,216;299,070;296,151;297,426;294,224;281,872;280,781;281,194;273,931;270,554;272,583;266,745;261,588;261,954;250,923;250,185;245,134;239,239;241,927;233,395;229,050;226,026;217,697;217,008;214,161;211,182;204,229;201,935;198,522;191,531;188,693;183,730;180,565;178,664;172,241;169,749;167,608;159,560;159,223;154,369;147,809;150,048;142,284;142,042;138,694;133,308;126,953;125,779;124,646;123,264;119,778;116,915;115,916;109,200;107,256;105,573;102,865;98,862;95,938;96,677;91,402;91,853;87,791;84,884;82,820;82,545;79,137;75,204;73,791;74,540;67,406;68,391;65,722;65,223;63,114;61,158;60,182;57,472;56,961;55,747;52,615;51,248;49,611;49,957;49,570;44,253;46,062;44,008;42,987;42,683;39,344;39,282;40,637;36,941;37,052;34,618;33,031;33,501;32,074;31,741;31,788;31,880;30,302;28,206;28,795;27,350;25,790;25,479;23,789;24,110;24,199;22,455;22,706;21,458;21,703;20,028;20,752;18,383;19,221;17,369;18,520;17,490;17,228;16,543;15,460;14,926;15,278;15,742;14,851;14,402;14,369;13,007;13,255;13,087;11,925;12,479;11,359;11,123;10,651;10,273;9,880;9,779;9,794;9,833;8,749;9,571;9,420;9,100;8,367;8,488;8,453;7,403;8,505;8,155;7,807;7,580;6,728;6,225;6,337;6,661;5,967;5,482;7,098;5,165;4,971;6,252;4,880;5,478;5,453;5,199;4,893;4,368;5,493;4,912;4,723;4,210;4,195;4,073;3,701;3,804;4,441;4,011;3,826;3,029;3,601;3,251;3,866;3,504;3,727;3,131;2,870;3,031;3,329;2,761;2,492;2,459;2,963;2,798;3,107;2,374;3,368;2,732;2,702;1,781;2,303;2,113;2,604;2,931;1,523;1,982;1,888;2,409;1,884;2,614;1,749;2,547;2,184;1,693;1,527;1,753;1,274;1,472;1,088;2,004;1,495;1,430;1,399;1,579;1,453;2,565;1,482;1,253;1,397;1,815;1,419;2,073;2,018;1,101;0,956;1,845;1,850;1,260;1,699;2,184;1,634;1,328;1,615;1,040;0,739;1,771;1,304;1,913;1,463;1,990;2,271;0,566;2,279;2,016;3,559;4,508;6,168;8,808;15,853;19,042;22,805;27,834;30,143;27,264;25,855;23,947;19,686;15,160;8,619;7,176;4,980;2,250;2,342;1,601;1,945;1,716;2,176;1,827;1,981;1,844;2,766;1,528;1,589;1,054;
370;1,277;1,953;1,940;1,527;3,544;1,077;1,861;0,668;1,400;1,204;0,066;1,298;1,031;0,375;1,214;0,977;0,802;0,739;0,898;0,249;1,076;0,558;0,632;0,814;0,800;0,647;0,661;0,365;0,644;0,512;1,117;0,489;0,621;0,784;0,741;0,345;0,657;0,525;0,535;0,797;0,501;0,626;0,559;0,449;0,646;0,785;0,790;0,726;0,471;0,691;0,564;0,359;0,311;0,637;0,513;0,318;0,385;0,482;0,491;0,311;0,476;0,379;0,569;0,597;0,458;0,643;0,461;0,332;0,294;0,538;0,337;0,347;0,367;0,400;0,400;0,604;0,573;0,329;0,702;0,529;0,619;0,306;0,540;0,440;0,376;0,250;0,554;0,386;0,361;0,170;0,449;0,282;0,340;0,250;0,434;0,457;0,430;0,117;0,614;0,276;0,375;0,122;0,196;0,318;0,418;0,330;0,396;0,333;0,597;0,480;0,632;0,641;0,449;0,787;1,888;8,572;27,529;67,596;124,251;164,768;160,578;107,292;58,525;23,410;7,336;3,447;3,309;3,145;3,730;3,591;4,531;5,128;5,079;6,361;6,594;7,358;7,998;10,035;10,486;10,901;12,086;13,815;15,012;16,708;18,686;20,274;22,356;26,264;29,959;34,039;35,959;41,091;45,204;51,072;55,617;61,769;65,071;72,656;79,787;82,807;93,491;103,344;107,858;111,772;119,975;126,909;136,677;145,804;154,251;160,223;170,468;173,701;179,899;187,385;196,203;203,071;207,299;212,976;215,026;221,939;225,043;233,552;241,790;242,600;245,690;256,959;257,104;261,729;267,237;271,867;268,918;273,913;279,013;279,640;283,757;279,595;287,823;289,909;293,914;290,042;293,130;291,615;297,319;287,195;291,667;293,816;291,525;293,518;288,503;285,518;287,453;281,905;281,937;280,786;279,211;278,899;272,796;270,643;260,891;264,942;259,298;254,923;257,834;252,282;248,648;244,785;236,121;236,735;236,402;230,463;220,032;221,576;220,009;212,641;211,846;204,071;200,886;199,080;192,796;194,593;191,300;182,394;185,687;176,378;173,585;172,641;168,103;165,195;163,313;150,732;150,044;152,163;144,903;141,784;138,209;135,570;133,905;130,648;126,438;127,451;119,276;120,887;112,144;114,617;109,196;106,669;104,305;102,983;98,914;93,822;94,041;91,323;89,704;86,371;85,886;81,151;79,369;77,520;76,981;75,593;73,554;72,720;69,234;69,469;67,311;63,017;60,746;58,953;60,002;55,684;55,377;53,773;53,797;47,631;50,729;48,072;45,861;45,783;44,136;44,669;41,395;41,179;39,188;37,964;38,862;36,101;34,285;33,100;32,810;31,455;32,277;30,224;27,924;27,916;28,808;29,033;26,387;25,646;25,483;23,410;23,731;24,494;24,423;21,814;19,702;22,312;19,524;18,919;18,527;17,946;16,904;18,137;18,820;15,859;17,030;17,084;15,622;16,081;14,519;14,041;15,262;13,885;12,001;13,075;11,985;12,123;12,157;11,107;11,226;11,077;10,246;9,951;10,868;10,767;9,957;9,840;9,267;8,676;8,950;7,993;8,118;7,566;6,583;7,355;6,859;6,443;7,249;6,959;6,402;7,431;5,422;5,789;6,089;6,087;5,608;5,391;6,161;5,396;5,546;4,767;5,754;4,564;5,164;4,864;3,787;5,355;4,904;4,435;4,019;4,509;3,762;3,952;3,955;4,117;3,457;3,739;3,341;3,611;3,212;3,340;3,731;2,857;3,479;3,218;2,568;2,861;2,917;3,051;2,416;2,281;2,856;2,134;2,122;1,542;2,507;2,231;1,744;1,944;2,465;2,008;2,661;2,091;2,276;1,537;1,606;2,265;1,932;1,463;2,559;2,256;1,245;2,937;1,911;1,872;1,831;2,031;1,720;2,344;1,545;2,013;1,175;1,446;1,611;1,476;1,465;1,149;2,008;1,460;1,185;1,739;0,892;1,527;1,833;1,918;2,167;0,636;1,008;1,883;1,114;2,347;1,361;1,577;1,022;1,723;1,425;1,370;1,899;1,433;0,786;1,447;1,917;1,641;0,935;1,199;1,022;0,982;1,746;1,793;1,695;1,829;2,191;2,734;4,286;5,027;8,052;13,368;18,106;21,993;24,186;30,462;26,716;28,710;25,935;20,391;16,483;10,986;8,544;4,694;2,807;2,516;2,079;
375;1,302;0,748;1,942;1,496;1,243;0,852;0,895;0,890;1,098;1,218;1,523;0,964;1,742;0,773;0,987;0,664;0,230;1,025;0,791;1,127;0,833;0,876;0,634;0,590;1,126;0,572;0,686;0,517;0,369;0,500;0,794;0,525;0,468;0,836;0,705;0,407;0,598;0,575;0,502;0,625;0,418;0,551;0,684;0,590;0,487;0,164;0,451;0,539;0,712;0,749;0,341;0,502;0,655;0,206;0,459;0,632;0,566;0,409;0,254;0,627;0,601;0,309;0,632;0,473;0,666;0,736;0,453;0,415;0,383;0,327;0,271;0,305;0,434;0,363;0,243;0,432;0,371;0,278;0,476;0,332;0,403;0,324;0,496;0,335;0,549;0,244;0,310;0,387;0,344;0,255;0,367;0,289;0,458;0,304;0,415;0,208;0,672;0,293;0,394;0,235;0,205;0,241;0,571;0,405;0,395;0,407;0,366;0,349;0,236;0,385;0,392;0,196;0,228;0,244;0,437;0,188;0,689;0,418;0,824;2,523;8,467;35,960;75,487;133,632;168,326;154,518;111,291;49,170;18,277;6,734;3,495;3,131;3,637;3,964;5,134;6,107;5,921;5,769;7,050;8,390;9,645;10,422;11,118;13,654;14,038;17,073;17,974;20,921;23,012;27,387;29,729;33,206;37,353;41,441;44,611;49,212;53,564;59,532;63,138;71,459;76,976;84,795;90,240;95,544;106,232;109,640;114,459;119,484;126,736;132,390;142,514;147,019;149,887;157,749;164,017;172,905;176,405;185,795;188,121;195,893;199,414;208,110;210,304;215,372;216,577;216,063;224,524;228,797;232,010;233,034;239,322;244,969;244,770;246,216;244,501;247,071;253,919;252,714;256,144;257,309;258,808;258,285;258,053;261,339;258,791;257,576;254,197;258,774;260,020;254,935;258,680;251,655;250,850;251,510;247,739;244,635;242,339;244,766;239,402;240,296;234,635;229,074;231,494;230,955;226,870;223,196;221,833;215,242;211,872;212,776;204,974;203,256;197,393;195,663;192,056;193,799;184,871;177,695;181,124;177,597;172,080;165,795;162,512;161,200;156,684;153,850;156,285;151,153;144,349;141,214;139,467;135,920;133,629;131,108;127,948;124,501;120,787;119,120;115,613;113,104;111,137;105,022;103,997;104,026;100,297;96,829;93,886;93,269;89,943;88,911;85,923;83,947;83,110;80,594;79,004;75,095;74,819;72,040;69,813;67,967;65,673;65,185;61,551;62,403;59,256;58,301;59,266;56,023;54,029;51,347;48,083;50,110;48,281;46,573;45,747;44,253;43,820;41,990;40,281;40,052;38,954;37,968;36,742;34,049;34,446;34,064;31,795;31,620;30,558;27,865;27,777;27,285;28,031;27,418;25,201;25,313;24,012;23,827;23,845;21,623;22,557;19,346;21,277;21,469;20,025;18,651;17,284;17,871;19,323;18,579;17,589;17,235;15,347;13,796;15,340;15,759;15,024;13,949;13,700;12,617;12,148;11,938;11,845;11,477;10,432;11,350;10,425;10,049;9,705;10,723;8,549;9,977;9,132;9,358;8,324;9,843;7,859;8,740;8,320;7,342;8,408;7,714;7,002;6,260;6,297;5,806;5,420;5,710;6,513;5,899;5,589;4,357;4,874;5,268;4,542;4,844;5,251;4,952;4,853;4,930;4,884;5,556;6,056;4,301;4,855;3,638;5,440;3,682;3,922;4,164;4,451;3,290;3,528;2,877;3,522;4,061;3,356;3,184;3,065;2,735;2,992;2,865;2,226;3,049;3,223;3,049;2,841;2,261;3,124;1,949;2,500;2,190;2,275;1,735;2,157;2,013;2,524;2,033;1,878;1,592;1,854;1,680;2,538;1,858;1,240;1,814;1,802;1,790;1,800;2,049;1,807;1,667;1,679;3,011;1,745;2,025;1,800;2,035;1,804;2,079;2,054;1,669;1,828;1,700;1,389;1,287;1,489;1,375;1,358;1,874;1,690;2,269;1,465;1,880;1,906;1,183;1,525;1,229;1,193;2,249;2,298;1,925;2,384;0,664;1,759;1,800;1,407;0,792;1,884;0,720;1,160;2,000;1,074;1,092;1,267;1,620;1,168;1,548;1,366;0,872;1,824;1,412;1,466;1,064;1,123;1,426;2,155;1,770;1,573;1,767;1,688;3,533;3,948;7,171;10,774;15,166;18,370;19,838;25,027;28,316;26,150;
380;3,259;2,303;1,461;1,386;0,918;0,427;1,054;1,405;0,944;0,807;0,802;1,157;0,759;1,086;1,793;0,306;0,561;0,796;1,137;0,916;0,830;0,604;0,801;0,741;0,732;0,541;0,533;0,524;0,759;0,568;0,898;0,319;0,293;0,872;0,585;0,529;0,517;0,727;0,582;0,335;0,403;0,668;0,569;0,367;0,555;0,543;0,842;0,384;0,577;0,270;0,380;0,491;0,287;0,464;0,723;0,858;0,554;0,627;0,227;0,491;0,527;0,439;0,537;0,538;0,341;0,504;0,276;0,214;0,429;0,391;0,316;0,556;0,216;0,324;0,431;0,205;0,290;0,372;0,583;0,270;0,344;0,359;0,199;0,377;0,428;0,299;0,608;0,406;0,475;0,325;0,324;0,342;0,398;0,445;0,440;0,160;0,420;0,188;0,537;0,457;0,383;0,485;0,311;0,228;0,185;0,505;0,243;0,158;0,449;0,334;0,263;0,363;0,418;0,362;0,526;0,206;0,404;0,390;0,629;0,422;0,641;0,592;0,858;0,918;2,697;9,576;28,724;77,971;126,503;160,593;135,116;91,915;46,633;19,588;7,021;4,228;4,804;4,077;5,407;6,009;7,194;7,500;7,799;9,085;10,912;11,720;13,851;15,233;16,904;19,467;22,650;24,508;28,076;30,521;35,295;40,153;41,609;48,114;50,516;56,036;62,641;69,255;71,430;76,091;81,788;86,250;93,701;98,684;103,712;108,633;114,721;121,815;122,188;128,332;134,302;139,233;147,320;150,817;155,217;157,948;162,835;169,638;174,179;182,474;186,659;189,349;191,717;198,143;196,334;199,162;204,071;205,950;203,186;206,139;207,798;211,827;217,849;215,964;217,386;217,187;219,358;219,744;219,327;221,990;220,408;222,500;226,432;223,521;222,294;222,106;215,744;220,599;214,194;212,324;216,928;212,747;208,135;209,438;209,344;206,425;202,673;202,190;199,260;198,058;197,680;192,537;190,685;182,932;182,560;181,173;180,542;175,398;169,373;170,289;165,879;163,143;161,166;158,993;159,660;149,816;147,467;145,946;143,368;140,778;137,821;135,643;131,822;131,075;125,636;126,788;124,088;119,346;117,340;113,421;111,358;110,413;106,468;106,988;100,572;100,944;96,634;94,065;95,355;89,209;87,800;85,342;84,249;82,213;80,718;77,737;73,796;71,340;68,940;69,571;71,969;67,168;65,743;62,258;61,680;57,907;58,150;57,230;55,865;53,560;52,376;52,107;51,452;49,447;47,352;46,878;44,938;43,610;44,788;43,055;40,121;39,482;39,256;37,722;34,822;35,958;32,321;33,968;32,649;31,195;30,196;27,745;29,059;28,054;26,559;26,345;25,885;24,697;24,401;24,326;22,275;23,282;22,933;20,727;20,819;20,363;19,921;17,193;18,801;17,526;17,639;18,098;16,907;16,562;16,444;15,491;15,409;13,576;13,633;13,848;13,659;13,859;13,293;12,295;9,886;11,820;11,139;11,527;12,009;11,533;10,277;10,810;10,135;10,525;8,668;9,942;7,919;7,721;7,815;8,160;8,742;7,380;7,876;7,523;7,342;7,406;7,199;6,325;5,991;6,443;5,653;5,378;5,587;5,446;6,022;5,437;5,842;5,133;5,852;4,457;5,072;4,880;4,120;4,734;4,391;4,917;4,113;3,983;4,024;3,408;3,840;4,049;3,794;4,500;3,676;3,299;3,287;3,114;3,017;3,231;3,514;2,544;2,239;2,770;2,772;3,136;2,649;2,374;2,652;2,634;2,220;2,789;2,813;2,413;1,852;2,119;2,359;2,268;1,778;1,904;1,530;2,011;2,109;2,150;2,000;1,605;2,429;2,101;2,186;2,207;2,158;1,734;1,808;1,408;1,800;1,802;1,351;1,713;1,815;1,245;1,732;1,681;1,571;1,106;1,480;1,525;1,394;1,781;0,917;1,595;0,838;1,565;1,303;1,849;1,213;1,106;1,190;1,047;1,580;1,390;1,536;0,786;1,726;1,429;1,952;1,158;1,443;0,908;1,626;1,897;1,573;1,032;1,445;1,397;0,964;1,105;1,872;1,238;2,058;2,347;1,572;1,393;1,641;1,227;2,160;1,453;1,556;1,458;0,994;1,207;2,529;1,093;1,125;1,642;0,836;0,645;1,411;1,374;1,419;1,575;1,204;1,686;1,263;1,613;1,583;2,028;2,665;
385;1,126;1,268;2,479;1,146;0,926;1,420;0,955;1,005;1,158;1,043;0,840;1,064;0,949;1,054;0,951;0,294;1,027;0,616;0,866;0,580;0,941;0,677;0,648;0,524;0,842;0,436;0,501;0,779;0,662;0,690;0,458;0,591;0,543;0,386;0,734;0,430;0,678;0,258;0,557;0,276;0,618;0,436;0,539;0,443;0,582;0,577;0,482;0,282;0,600;0,735;0,323;0,379;0,528;0,415;0,384;0,373;0,757;0,271;0,434;0,507;0,254;0,458;0,434;0,239;0,153;0,479;0,566;0,189;0,275;0,538;0,388;0,222;0,339;0,345;0,136;0,356;0,284;0,474;0,384;0,120;0,321;0,236;0,279;0,382;0,315;0,470;0,286;0,268;0,475;0,373;0,107;0,644;0,382;0,302;0,338;0,374;0,312;0,432;0,459;0,401;0,464;0,348;0,291;0,396;0,426;0,468;0,402;0,336;0,289;0,273;0,067;0,414;0,372;0,180;0,497;0,358;0,364;0,281;0,274;0,409;0,435;0,297;0,362;0,246;0,470;0,584;0,683;0,865;0,812;1,963;8,660;23,854;63,068;117,346;155,170;147,920;100,544;50,305;22,554;7,700;4,987;4,768;5,615;6,819;7,061;7,611;9,519;10,106;11,316;13,860;16,125;18,111;19,038;22,730;25,363;26,664;30,379;35,235;36,882;40,739;47,980;49,980;52,641;57,644;58,516;63,191;69,066;75,243;80,034;79,226;87,985;90,175;96,852;99,763;104,683;108,406;114,293;114,960;121,873;121,730;128,020;135,189;135,973;139,412;142,102;145,143;147,723;155,028;161,461;161,229;162,694;166,141;169,416;174,455;171,267;172,576;177,024;176,145;173,603;177,568;176,504;183,149;179,292;181,294;182,309;179,091;182,932;178,513;177,128;176,949;178,273;179,058;177,732;174,472;172,804;174,469;174,604;169,149;171,987;168,926;167,807;168,477;167,535;161,657;159,155;159,840;156,334;155,292;150,397;151,651;147,392;148,599;141,547;143,322;137,466;135,096;136,563;133,525;129,009;128,514;123,632;122,096;119,398;118,780;116,978;113,197;112,894;107,318;104,027;102,302;103,900;101,783;97,786;96,713;94,061;90,555;90,510;88,001;82,662;84,735;81,908;79,787;77,522;74,427;76,458;74,275;71,605;68,716;68,137;66,908;63,652;62,453;60,647;60,051;58,616;56,970;55,426;54,932;53,271;52,231;50,409;47,393;47,258;47,880;44,909;42,777;44,714;41,359;39,041;40,033;38,752;37,836;36,413;36,787;36,445;31,750;32,377;30,612;30,112;28,456;29,198;28,861;26,290;27,222;24,487;25,722;24,492;24,896;24,927;22,037;22,413;22,384;20,416;20,887;18,984;16,946;18,163;17,205;17,456;17,835;16,636;16,566;16,660;15,204;15,063;14,955;13,327;14,669;13,744;14,102;12,963;12,968;12,506;10,949;12,819;11,771;10,067;11,024;10,902;9,861;9,069;10,951;9,644;9,525;9,033;8,749;8,807;9,671;8,237;7,554;8,167;8,114;7,610;6,793;6,235;6,230;5,968;7,025;6,030;5,612;5,388;6,649;4,397;6,732;5,213;4,907;4,997;4,886;4,465;4,977;4,599;5,114;4,342;4,516;4,378;4,432;3,870;4,482;3,845;3,423;3,670;3,963;3,555;4,057;3,946;2,934;2,811;3,669;2,856;3,064;2,489;3,283;2,952;3,043;2,858;1,908;2,614;3,307;2,773;2,550;2,233;2,785;2,114;1,776;1,930;3,042;1,423;1,953;1,552;1,520;1,872;1,762;1,678;1,629;1,876;1,484;1,547;1,334;2,062;1,813;1,613;1,847;1,140;0,957;1,752;1,379;1,568;1,181;0,971;1,478;1,201;1,619;1,597;1,158;1,574;1,634;0,974;2,011;1,829;1,306;2,208;1,273;1,889;1,663;1,556;1,192;1,149;1,194;0,536;1,861;0,978;1,210;1,446;1,770;0,856;1,383;1,668;1,607;1,602;1,292;0,907;1,398;0,881;1,148;1,735;0,859;1,098;1,177;1,719;0,854;1,973;1,386;1,280;1,474;1,596;1,157;1,390;1,281;0,855;1,081;1,449;1,516;1,510;0,746;1,298;0,789;0,730;1,415;1,150;1,058;0,988;1,228;0,999;0,973;1,298;1,338;1,482;1,960;1,208;1,118;1,306;
390;1,818;1,182;2,140;1,412;1,211;0,611;1,243;1,111;1,322;1,339;0,705;0,921;1,217;0,866;1,363;0,830;0,901;0,735;0,609;0,340;0,932;0,352;0,536;0,598;0,245;0,877;0,432;0,534;0,439;0,597;0,504;0,742;0,406;0,447;1,071;0,937;0,524;0,665;0,722;0,673;0,535;0,047;0,274;0,376;0,657;0,336;0,614;0,354;0,599;0,380;0,421;0,232;0,323;0,340;0,351;0,477;0,291;0,385;0,346;0,189;0,369;0,406;0,451;0,722;0,556;0,297;0,520;0,532;0,432;0,307;0,649;0,373;0,364;0,543;0,370;0,361;0,291;0,251;0,526;0,295;0,356;0,436;0,352;0,648;0,272;0,271;0,258;0,246;0,446;0,508;0,157;0,226;0,319;0,270;0,396;0,452;0,459;0,063;0,408;0,359;0,457;0,271;0,271;0,175;0,354;0,352;0,723;0,331;0,320;0,165;0,193;0,194;0,225;0,356;0,420;0,381;0,361;0,286;0,364;0,465;0,309;0,276;0,471;0,232;0,191;0,481;0,534;0,310;0,380;0,412;0,513;0,662;0,888;1,150;1,775;6,220;22,980;53,060;99,132;138,977;138,184;102,189;49,357;17,712;7,903;5,818;6,109;6,660;8,138;9,181;10,755;11,214;13,494;15,321;16,539;19,057;20,379;23,119;27,273;28,369;32,600;34,569;38,221;39,942;41,596;46,279;48,698;52,278;54,988;61,273;61,681;65,760;68,336;72,794;73,694;79,942;81,310;85,615;87,454;93,902;93,664;95,843;101,798;104,561;101,760;109,939;111,235;112,225;118,642;115,652;120,757;123,612;127,368;125,400;130,339;132,815;132,250;136,336;139,349;138,439;139,963;139,366;143,409;141,766;141,660;140,437;140,433;141,419;138,393;136,899;137,347;137,241;140,995;137,675;139,033;137,447;136,547;133,941;133,921;133,912;133,277;130,701;130,182;129,636;123,911;125,022;123,989;121,398;120,879;121,849;117,140;115,099;115,132;109,430;111,739;110,798;106,732;106,732;104,356;102,098;98,558;98,441;97,873;93,818;93,227;91,613;87,421;88,450;86,354;81,385;83,866;81,605;78,292;75,223;75,215;73,031;70,012;69,382;69,274;69,146;65,299;67,249;63,416;60,152;59,964;61,042;59,486;56,136;53,455;56,079;53,292;50,701;49,218;47,717;46,962;47,528;45,814;43,042;41,444;42,497;39,907;39,426;37,146;37,594;35,829;36,379;35,236;35,720;32,868;31,746;31,058;30,798;28,507;30,021;29,425;27,062;27,292;28,532;24,613;24,436;23,740;24,420;22,496;21,663;21,990;21,699;21,509;19,603;19,346;18,069;19,960;17,446;17,559;16,832;16,864;15,095;15,110;15,593;15,218;14,040;13,272;12,992;13,181;12,683;12,095;13,490;13,194;11,339;11,104;11,980;10,560;10,584;9,791;10,362;9,675;9,815;9,037;8,836;8,308;8,160;8,388;8,308;8,108;6,964;7,600;7,752;7,700;7,554;7,239;6,575;6,210;7,145;5,741;5,660;5,269;6,089;5,289;5,121;4,709;5,171;4,672;4,869;4,419;4,073;4,520;4,556;4,311;4,142;3,799;3,739;3,517;3,561;3,615;3,100;3,395;3,703;4,451;3,463;2,942;3,255;2,839;2,697;3,340;4,053;3,250;3,113;3,603;2,709;3,188;2,967;2,807;2,787;2,470;2,700;2,098;2,501;1,709;2,584;2,054;2,214;1,822;2,389;2,414;2,242;1,735;1,978;1,032;1,671;1,754;1,826;1,675;1,921;1,907;1,634;1,782;1,591;1,872;1,491;1,685;1,161;2,040;1,531;1,628;1,447;1,569;1,809;1,754;1,334;1,738;1,243;1,221;1,317;1,547;1,258;1,159;1,443;1,088;1,427;1,639;1,408;1,768;1,252;1,524;0,824;1,257;1,328;1,214;1,813;1,783;1,208;1,419;1,463;1,232;0,584;1,104;1,203;1,607;1,342;0,582;1,205;0,803;1,287;0,746;1,519;1,389;1,501;1,160;0,963;0,963;1,387;0,817;1,055;0,862;0,904;2,046;0,901;1,661;1,295;0,967;1,264;0,784;0,845;1,315;1,442;0,993;1,749;1,612;1,729;1,734;1,845;1,293;2,289;1,079;0,901;1,758;1,329;1,865;1,564;1,464;1,194;1,244;
395;1,572;1,740;1,637;0,707;0,666;0,935;0,469;1,161;1,182;0,941;1,331;0,720;0,595;0,765;0,553;0,823;0,570;0,852;0,936;0,850;0,459;0,731;1,279;0,539;0,802;0,495;0,471;0,154;0,702;0,371;0,301;0,327;0,407;0,556;0,320;0,399;0,467;0,479;0,320;0,356;0,633;0,424;0,523;0,174;0,333;0,744;0,192;0,423;0,605;0,431;0,623;0,258;0,473;0,327;0,321;0,610;0,372;0,414;0,280;0,844;0,451;0,583;0,287;0,308;0,185;0,367;0,282;0,460;0,568;0,424;0,229;0,246;0,510;0,235;0,560;0,235;0,194;0,207;0,280;0,101;0,335;0,400;0,276;0,210;0,466;0,332;0,267;0,388;0,498;0,333;0,384;0,461;0,678;0,341;0,353;0,292;0,339;0,182;0,054;0,427;0,345;0,436;0,396;0,410;0,354;0,322;0,119;0,201;0,022;0,413;0,218;0,262;0,230;0,426;0,321;0,207;0,308;0,149;0,181;0,316;0,300;0,257;0,456;0,325;0,365;0,367;0,257;0,523;0,596;0,140;0,365;0,566;0,538;0,683;0,422;0,800;0,720;0,781;0,959;2,765;8,644;23,807;58,065;96,651;122,659;110,010;80,033;47,508;21,143;8,853;6,445;7,848;8,022;9,625;10,609;10,840;13,001;13,616;16,035;16,964;20,697;21,868;22,777;26,985;29,261;30,659;33,812;34,197;37,902;39,998;40,474;44,754;45,477;49,439;48,558;53,070;54,136;57,027;57,914;60,890;65,433;66,811;68,507;70,841;73,427;75,998;76,502;79,099;83,366;81,268;85,599;87,076;88,092;88,210;89,184;91,974;93,908;94,675;94,688;94,688;100,668;97,958;99,799;102,427;103,373;101,936;102,639;105,430;104,851;102,241;102,115;103,615;102,207;103,272;100,312;99,222;99,485;100,581;96,660;99,920;96,444;96,504;97,577;96,055;95,671;94,271;92,056;90,349;88,761;88,942;88,908;87,325;85,541;83,140;84,332;82,796;83,566;80,543;80,532;77,477;78,063;72,810;71,860;69,764;69,106;69,690;68,663;68,049;65,560;65,295;61,892;61,709;59,417;59,967;59,186;55,878;51,977;54,031;53,371;52,949;50,225;52,411;47,570;46,609;45,731;44,796;43,739;44,974;41,747;42,402;40,003;38,474;38,383;39,122;36,896;36,835;34,127;34,920;33,141;32,379;31,132;30,447;30,455;28,242;27,732;28,843;26,402;26,215;24,132;23,608;24,050;23,707;24,032;22,590;22,145;21,071;22,530;21,067;19,941;19,443;18,912;18,210;17,641;16,960;17,088;15,958;16,793;16,323;15,705;14,429;14,526;12,735;13,120;12,790;13,229;13,702;12,476;12,827;10,645;12,198;11,380;11,220;10,823;10,787;9,952;9,834;9,369;10,057;9,252;9,253;9,126;8,537;8,709;8,507;8,100;7,428;7,721;7,706;6,790;7,240;7,005;5,823;6,097;6,021;6,058;4,986;5,756;5,026;6,262;5,863;4,954;5,222;4,682;5,178;4,163;4,008;4,988;4,630;4,266;3,846;4,097;3,658;3,599;3,710;3,644;3,095;2,609;3,867;3,116;2,729;2,870;3,801;2,234;2,839;2,298;3,006;3,027;2,551;2,630;2,413;2,723;2,274;2,302;3,376;2,265;2,568;2,239;2,035;2,267;1,771;2,494;2,890;1,741;1,905;1,140;1,762;1,313;1,830;1,623;1,903;1,440;1,385;1,571;1,747;1,512;1,326;1,021;1,655;1,425;1,240;1,042;1,269;1,676;1,460;1,413;1,646;1,163;1,040;1,107;1,309;1,311;0,785;1,026;1,451;1,422;1,404;1,722;1,322;0,967;1,273;1,442;0,714;0,916;1,215;1,000;1,295;0,709;1,036;1,020;0,911;0,870;1,063;0,740;0,544;1,027;1,093;1,509;0,680;0,903;1,351;0,839;1,214;0,927;1,499;0,593;0,958;0,805;1,042;1,104;0,783;0,860;1,236;0,743;1,558;0,722;1,743;0,764;1,493;0,734;0,680;1,037;1,182;0,931;1,049;1,196;1,904;1,574;0,788;1,147;1,300;1,184;0,631;1,022;2,281;1,852;0,530;0,441;0,504;1,273;1,026;1,149;1,956;1,638;1,702;1,051;1,532;1,592;1,650;0,902;1,195;0,264;
400;1,838;0,558;0,943;0,595;1,487;1,079;1,159;1,032;0,903;1,271;1,009;0,906;0,339;0,713;0,795;0,468;0,753;0,567;0,852;0,592;0,660;0,560;0,284;0,600;0,635;0,754;0,521;0,653;0,737;0,716;0,601;0,352;0,893;0,777;0,513;0,419;0,349;0,548;0,954;0,263;0,420;0,383;0,495;0,469;0,499;0,586;0,451;0,351;0,309;0,401;0,515;0,298;0,284;0,203;0,550;0,433;0,305;0,299;0,156;0,515;0,263;0,502;0,239;0,383;0,398;0,315;0,201;0,349;0,385;0,296;0,318;0,350;0,350;0,151;0,479;0,261;0,371;0,421;0,334;0,318;0,242;0,380;0,388;0,226;0,128;0,357;0,359;0,331;0,278;0,392;0,309;0,262;0,472;0,238;0,187;0,663;0,391;0,427;0,270;0,163;0,151;0,322;0,250;0,304;0,405;0,211;0,418;0,308;0,152;0,161;0,344;0,165;0,276;0,098;0,260;0,211;0,197;0,138;0,242;0,313;0,288;0,302;0,196;0,162;0,364;0,343;0,321;0,271;0,245;0,386;0,239;0,332;0,223;0,356;0,279;0,402;0,440;0,554;0,585;0,651;0,774;0,717;1,151;1,182;2,747;7,585;20,735;46,930;87,509;115,200;112,241;75,846;40,938;20,667;9,620;7,475;7,893;8,690;9,094;10,873;11,350;12,754;13,667;15,595;15,842;17,699;19,259;19,213;21,127;23,171;25,604;26,576;28,550;29,103;29,342;32,529;34,311;35,283;36,452;39,677;41,660;43,555;44,478;44,832;46,493;48,195;49,686;51,367;51,552;52,073;56,086;55,266;57,983;59,595;60,367;60,418;61,264;63,507;63,488;65,278;65,929;68,444;67,002;68,439;67,986;69,208;70,217;68,430;70,398;71,821;70,883;72,111;72,868;72,117;76,291;72,467;71,579;72,448;70,634;69,789;69,739;68,136;68,020;68,728;66,838;68,151;65,582;63,382;64,691;63,871;62,212;61,384;62,009;62,297;61,285;60,580;56,167;59,279;56,402;55,253;53,339;55,181;54,090;52,381;51,516;51,510;49,317;47,778;48,459;47,576;46,691;45,517;43,788;44,953;43,546;42,239;41,639;38,732;39,688;38,692;36,557;36,837;35,875;35,680;35,586;32,333;32,648;30,034;32,108;30,101;30,449;29,895;27,722;28,709;27,629;27,171;26,156;26,157;24,976;24,923;24,015;21,420;23,410;22,743;22,190;21,140;21,405;19,656;19,486;20,250;18,574;17,618;17,101;15,730;17,312;16,308;14,705;15,895;15,121;14,296;13,980;13,959;12,653;13,340;12,432;12,492;11,898;12,390;11,845;11,390;10,580;11,252;11,616;10,523;9,764;9,094;8,843;8,980;8,747;9,307;8,200;9,132;8,248;8,130;7,378;7,316;6,628;7,452;6,710;6,379;5,758;6,514;5,672;5,998;5,487;5,621;5,471;4,691;5,833;5,451;5,201;4,909;4,710;4,341;4,817;4,316;4,777;4,596;5,238;4,184;4,457;3,840;3,691;3,011;3,978;2,612;4,060;2,888;3,272;3,620;3,148;3,073;2,728;2,800;3,189;2,772;2,537;2,800;3,645;2,758;2,849;2,673;2,351;2,264;1,954;2,529;2,492;2,544;2,355;2,371;2,422;2,058;1,853;2,095;2,151;2,019;1,816;1,719;2,132;1,848;1,185;1,488;1,837;1,758;1,364;1,851;1,313;1,317;1,407;1,635;1,522;1,291;1,696;1,194;1,198;1,169;1,615;0,936;1,304;1,114;1,087;1,125;1,252;1,280;0,784;1,176;1,348;0,996;1,377;0,972;1,544;1,343;0,749;1,336;0,955;1,244;0,831;0,775;1,198;0,768;1,183;1,112;0,839;0,867;0,858;0,895;1,571;0,688;1,246;1,438;1,070;1,402;1,513;0,871;0,880;0,688;0,784;1,776;1,169;1,007;1,224;1,175;0,975;1,250;0,844;0,628;0,955;0,927;1,154;0,990;1,008;1,299;1,062;1,484;1,075;0,921;0,589;1,370;1,085;1,314;0,957;1,387;1,047;1,074;0,535;0,973;1,391;0,940;0,526;0,895;0,675;0,988;1,242;0,981;1,469;1,715;1,445;1,155;1,164;1,086;1,302;0,418;1,761;1,745;1,283;1,080;0,836;1,299;1,573;1,115;1,411;
405;0,452;1,420;1,811;1,319;0,346;0,661;0,956;1,400;0,875;0,724;0,652;0,807;0,333;0,472;1,010;0,404;0,654;0,958;0,821;0,771;0,363;0,930;0,712;0,639;0,547;0,660;0,529;0,549;0,319;0,532;0,485;0,363;0,340;0,455;0,518;0,401;0,438;0,215;0,581;0,535;0,373;0,385;0,267;0,598;0,522;0,507;0,450;0,398;0,359;0,203;0,482;0,313;0,489;0,160;0,301;0,234;0,420;0,268;0,486;0,245;0,334;0,565;0,462;0,273;0,351;0,432;0,455;0,238;0,578;0,324;0,367;0,341;0,144;0,334;0,305;0,119;0,345;0,293;0,371;0,272;0,283;0,265;0,363;0,233;0,325;0,310;0,379;0,359;0,397;0,398;0,135;0,109;0,452;0,209;0,368;0,383;0,314;0,157;0,331;0,186;0,198;0,172;0,258;0,121;0,204;0,343;0,193;0,141;0,270;0,286;0,330;0,222;0,282;0,370;0,258;0,427;0,189;0,218;0,427;0,038;0,166;0,263;0,297;0,272;0,142;0,188;0,259;0,297;0,205;0,148;0,264;0,260;0,377;0,228;0,249;0,379;0,307;0,410;0,234;0,635;0,343;0,481;0,721;0,681;1,026;0,982;1,318;1,062;1,768;4,192;10,095;30,005;59,065;94,445;110,853;100,768;69,677;37,055;16,011;8,075;7,544;7,414;8,493;8,644;9,393;10,380;10,903;12,597;13,882;13,719;15,225;15,978;17,047;17,789;18,181;20,253;20,259;22,053;22,764;24,261;25,016;26,091;27,207;28,726;29,532;30,020;32,318;32,323;34,694;34,204;34,951;36,945;36,980;37,082;38,741;40,426;39,550;40,111;41,666;43,783;43,429;44,759;44,933;44,599;45,755;47,588;46,899;47,830;49,298;47,554;49,028;50,699;50,663;49,117;50,246;51,735;50,588;52,875;51,837;53,191;51,737;51,665;49,917;49,063;48,712;49,189;47,861;47,680;47,223;45,785;45,818;45,297;44,842;44,243;43,867;43,164;43,195;42,791;42,335;40,933;41,379;39,550;38,772;37,804;36,969;37,009;36,775;35,343;35,502;34,378;34,202;34,510;33,595;33,174;30,906;32,207;30,293;30,514;30,217;28,466;28,117;28,522;27,510;27,429;24,166;26,250;24,885;24,450;23,828;23,166;22,025;21,515;21,822;22,283;20,681;20,208;19,602;19,850;18,255;17,869;17,679;17,016;17,871;16,763;16,570;16,795;15,647;14,249;14,295;14,076;13,533;13,697;12,965;14,071;13,369;12,636;12,568;10,838;11,805;12,091;11,469;10,756;10,654;10,752;8,809;9,891;9,394;9,426;8,962;8,912;8,774;8,057;8,127;7,896;8,280;8,013;7,393;7,061;7,202;6,215;6,972;7,174;7,038;6,890;5,787;5,558;5,333;5,454;5,086;5,157;5,185;4,932;5,273;4,793;4,388;4,766;4,524;4,770;4,345;4,068;4,296;4,006;3,538;4,034;3,757;3,676;4,039;3,024;3,363;3,286;2,941;3,502;3,194;2,948;2,516;2,409;2,496;2,639;2,751;2,243;2,327;2,769;2,710;2,513;2,551;2,474;1,914;2,324;2,215;2,285;2,434;1,576;1,890;2,138;1,591;2,166;2,380;1,635;2,024;1,655;1,783;1,182;1,049;1,797;1,427;1,905;1,496;1,842;1,848;1,498;1,304;1,191;1,581;1,130;1,821;1,402;1,407;1,363;1,230;1,433;1,636;1,171;0,996;1,029;0,939;1,177;0,783;1,533;1,256;1,083;1,272;1,032;1,198;0,850;1,046;0,889;1,054;1,492;1,009;0,899;0,688;0,948;0,514;0,970;1,001;1,161;1,054;0,960;1,522;0,822;0,627;0,845;0,900;1,484;0,837;1,256;0,998;0,784;0,494;1,312;0,915;1,335;1,098;0,948;1,300;1,202;1,319;0,918;1,031;0,698;1,490;0,669;0,839;1,056;0,694;0,983;1,256;0,876;1,206;0,903;0,726;1,041;0,996;0,976;1,236;1,132;0,757;1,072;0,793;1,845;0,775;1,022;1,581;1,128;1,430;1,510;1,161;0,919;1,101;1,615;1,268;0,797;0,871;1,335;0,741;1,074;1,503;0,976;0,979;0,690;0,901;1,342;1,529;1,020;1,674;1,563;0,464;1,463;1,180;1,351;0,861;
410;1,151;1,268;1,893;1,385;1,353;0,636;0,718;0,606;1,180;0,636;0,782;0,625;0,732;0,642;0,502;1,066;0,408;0,515;0,535;0,959;0,616;0,693;0,473;1,045;0,586;0,458;0,429;0,317;0,699;0,389;0,213;0,488;0,331;0,474;0,367;0,705;0,316;0,633;0,503;0,505;0,684;0,256;0,429;0,436;0,404;0,369;0,396;0,277;0,586;0,424;0,332;0,282;0,181;0,520;0,453;0,343;0,280;0,386;0,405;0,146;0,307;0,349;0,372;0,276;0,378;0,361;0,311;0,243;0,379;0,355;0,162;0,477;0,116;0,296;0,353;0,290;0,218;0,223;0,275;0,139;0,115;0,047;0,259;0,238;0,146;0,305;0,288;0,366;0,362;0,142;0,126;0,302;0,463;0,419;0,281;0,328;0,218;0,353;0,402;0,456;0,152;0,384;0,197;0,156;0,170;0,227;0,194;0,232;0,188;0,206;0,334;0,209;0,288;0,245;0,324;0,206;0,328;0,290;0,479;0,264;0,140;0,115;0,340;0,250;0,134;0,256;0,118;0,240;0,194;0,224;0,206;0,299;0,175;0,147;0,269;0,311;0,327;0,221;0,244;0,340;0,219;0,410;0,458;0,436;0,476;0,481;0,794;0,968;0,676;0,991;1,230;1,174;1,180;1,976;3,146;9,148;23,370;52,640;81,632;95,916;83,725;54,359;32,377;15,395;7,566;6,281;6,328;6,762;7,500;8,452;7,979;8,649;9,396;9,714;10,274;12,333;12,052;12,952;13,599;13,754;14,913;14,245;16,133;16,908;16,998;17,985;17,867;18,670;20,012;20,056;21,411;22,440;23,451;24,110;24,497;25,091;25,734;26,515;26,811;27,796;28,838;28,313;29,048;30,889;31,636;30,601;32,548;31,860;32,969;33,329;32,175;32,978;34,574;34,167;34,545;33,227;34,698;35,339;34,231;35,906;34,193;35,852;36,242;36,129;36,326;35,175;35,443;37,122;34,064;35,126;33,981;33,265;35,269;31,917;32,032;31,668;30,523;31,761;30,796;30,667;29,830;29,330;28,556;28,397;28,223;27,068;28,159;27,267;26,683;26,143;24,790;24,610;24,140;23,968;24,687;23,137;22,882;21,640;21,926;21,089;21,382;20,018;19,966;19,649;19,840;19,509;18,426;17,365;18,657;17,667;17,504;16,011;15,332;15,893;16,801;15,331;15,708;14,620;13,574;14,109;13,953;14,153;13,175;13,399;12,150;11,997;12,368;11,781;11,146;10,958;10,817;10,879;10,929;10,458;10,161;8,721;9,304;9,882;8,846;8,320;8,027;7,898;7,958;7,596;7,461;7,259;7,091;7,057;6,692;6,244;7,019;6,145;6,313;5,440;5,773;6,440;5,824;6,473;5,365;5,880;4,969;4,968;4,710;5,068;4,033;4,535;3,972;4,289;4,255;3,645;3,817;3,995;4,476;3,367;4,026;3,360;3,366;3,953;3,576;3,438;3,312;2,833;2,512;3,403;3,065;2,381;3,370;2,661;3,025;3,030;2,353;2,270;2,778;2,152;2,269;2,249;1,734;2,575;2,194;2,339;2,043;2,141;2,264;1,806;1,731;2,007;1,789;2,006;1,773;1,831;1,445;1,711;1,455;1,927;1,669;2,136;1,717;1,345;1,591;1,560;1,011;1,327;1,482;1,460;1,258;1,540;1,399;1,702;1,384;1,563;1,363;1,379;1,031;0,875;1,117;1,236;0,954;0,976;0,661;0,905;1,343;1,470;1,092;0,865;0,808;1,321;0,902;1,107;1,139;0,843;0,937;0,757;0,730;0,646;1,102;0,975;0,980;0,954;1,067;0,665;0,943;1,043;1,463;0,779;0,687;0,467;0,620;1,078;0,553;1,314;0,785;0,519;0,892;0,855;0,691;0,768;1,361;1,499;0,622;1,124;0,732;0,959;1,178;0,521;0,722;1,076;0,780;0,766;1,012;0,691;0,887;0,668;0,948;0,820;0,858;0,826;1,157;0,819;1,089;0,972;0,604;1,141;0,565;1,102;0,798;1,158;0,748;0,900;1,369;0,691;1,007;0,575;0,671;0,783;0,960;1,433;0,434;1,010;0,994;1,040;1,223;0,778;1,318;1,373;1,233;0,641;1,031;0,649;1,216;0,810;0,947;1,325;0,885;1,133;0,959;0,856;1,422;1,218;1,075;0,599;1,143;
415;0,940;1,355;0,851;1,124;1,026;0,527;1,146;1,070;0,927;0,158;0,887;0,863;1,325;0,584;0,982;0,513;0,409;0,604;0,739;0,734;0,596;0,697;0,534;0,346;0,420;0,478;0,372;0,115;0,643;0,480;0,316;0,444;0,387;0,534;0,632;0,258;0,287;0,479;0,552;0,170;0,357;0,395;0,358;0,416;0,522;0,728;0,324;0,280;0,345;0,487;0,454;0,418;0,413;0,361;0,378;0,356;0,244;0,478;0,353;0,530;0,262;0,306;0,361;0,255;0,286;0,467;0,328;0,410;0,476;0,249;0,327;0,237;0,275;0,399;0,102;0,376;0,378;0,202;0,176;0,278;0,516;0,288;0,414;0,262;0,417;0,338;0,265;0,259;0,244;0,242;0,195;0,307;0,419;0,299;0,241;0,249;0,451;0,241;0,153;0,252;0,232;0,325;0,311;0,212;0,297;0,219;0,206;0,192;0,201;0,164;0,287;0,204;0,177;0,275;0,288;0,252;0,268;0,140;0,375;0,183;0,193;0,228;0,234;0,241;0,180;0,258;0,178;0,188;0,186;0,299;0,331;0,270;0,224;0,170;0,369;0,375;0,280;0,308;0,350;0,214;0,261;0,380;0,214;0,339;0,372;0,317;0,585;0,629;0,547;0,465;0,692;0,558;0,808;0,880;1,090;1,226;1,209;1,160;1,541;2,561;5,674;16,931;35,657;62,156;80,343;77,434;55,032;28,514;13,506;6,521;4,974;4,865;5,318;5,638;5,646;6,014;6,398;6,633;7,458;7,530;8,058;8,405;9,487;8,571;9,849;10,767;11,683;10,996;11,711;11,596;12,903;13,008;13,839;13,699;14,143;14,466;15,406;16,198;17,203;17,184;19,195;17,991;18,653;19,067;19,002;19,436;20,977;20,395;21,458;22,163;22,867;22,298;21,623;23,236;22,797;23,643;22,191;23,298;24,048;23,659;24,087;25,152;23,732;24,227;24,924;24,628;24,649;25,616;25,698;25,119;26,221;25,655;25,696;24,529;23,790;23,801;23,616;23,509;22,686;21,959;22,583;21,948;20,335;21,898;20,632;21,319;19,735;19,586;19,533;19,829;19,581;18,522;18,009;18,491;16,936;18,586;17,895;16,544;16,619;16,235;14,691;16,057;14,640;14,482;15,065;14,158;14,542;13,954;14,649;12,337;13,143;11,828;13,543;11,584;11,167;11,527;11,569;10,985;10,428;9,933;10,673;10,289;9,638;9,466;9,239;9,349;10,083;8,768;8,756;8,636;8,449;7,503;7,912;7,754;7,152;7,028;6,915;6,891;6,410;6,713;5,910;6,448;5,948;5,744;5,790;5,735;6,337;5,499;4,924;5,752;4,965;5,153;5,070;5,151;4,346;4,178;4,316;3,778;4,363;4,278;4,265;4,174;3,717;3,533;3,717;3,981;3,817;3,186;3,587;3,708;3,738;3,127;3,017;2,643;3,016;2,886;2,779;2,503;2,654;3,468;2,660;2,605;2,864;2,581;2,414;2,062;2,654;2,510;1,966;1,936;2,274;2,119;1,870;1,864;1,827;1,903;2,026;2,081;1,923;1,587;2,160;1,913;1,919;1,819;1,848;1,560;1,419;1,853;1,792;1,472;1,516;1,498;1,694;1,357;1,213;1,562;1,411;1,287;1,781;1,646;1,534;1,318;1,036;1,491;1,043;1,783;1,047;1,310;1,123;1,405;0,887;1,031;1,054;0,895;0,742;1,236;1,545;1,473;1,200;0,610;0,723;0,788;0,764;0,864;0,891;0,765;1,264;1,084;0,863;0,961;0,731;0,748;0,878;0,815;0,467;0,399;0,700;0,832;0,837;0,915;0,778;0,969;0,422;0,539;1,309;0,631;0,636;0,472;0,909;0,459;0,896;0,529;0,565;0,404;1,219;0,503;0,909;0,631;0,722;1,271;0,795;1,049;1,280;0,857;0,591;0,589;0,790;0,666;0,822;1,058;0,708;0,808;0,970;0,675;0,823;1,308;1,413;1,126;1,501;0,947;1,293;0,479;0,769;0,977;1,299;0,652;0,568;0,869;0,794;0,965;0,842;0,923;0,719;0,715;0,734;0,917;0,933;1,578;1,155;0,538;0,762;0,983;0,959;1,498;0,901;0,540;0,782;0,588;0,731;1,140;0,593;1,173;0,767;1,032;1,004;1,090;1,122;1,152;0,676;1,543;1,136;
420;1,393;1,758;0,431;0,772;1,270;1,208;1,422;0,852;0,782;0,691;1,224;0,673;0,548;0,643;0,715;0,577;0,405;0,717;0,691;0,322;0,672;0,569;0,247;0,432;0,489;0,691;0,687;0,465;0,433;0,469;0,399;0,488;0,397;0,430;0,315;0,394;0,495;0,355;0,355;0,365;0,572;0,367;0,325;0,254;0,465;0,254;0,471;0,298;0,420;0,390;0,199;0,429;0,528;0,330;0,319;0,543;0,352;0,302;0,243;0,319;0,137;0,274;0,284;0,407;0,184;0,439;0,332;0,497;0,363;0,440;0,409;0,333;0,280;0,455;0,192;0,288;0,338;0,442;0,366;0,394;0,212;0,403;0,302;0,280;0,200;0,212;0,490;0,383;0,251;0,242;0,258;0,374;0,433;0,176;0,290;0,289;0,286;0,193;0,429;0,380;0,249;0,256;0,192;0,031;0,180;0,269;0,430;0,277;0,379;0,295;0,204;0,270;0,168;0,326;0,344;0,201;0,191;0,417;0,283;0,204;0,210;0,222;0,280;0,337;0,315;0,268;0,481;0,351;0,337;0,235;0,175;0,105;0,285;0,200;0,369;0,271;0,201;0,237;0,291;0,332;0,231;0,311;0,359;0,189;0,279;0,287;0,318;0,293;0,377;0,450;0,234;0,474;0,556;0,471;0,435;0,695;0,506;0,861;0,933;0,715;0,860;1,009;1,174;1,090;2,042;5,265;17,373;39,444;61,332;76,038;69,829;51,268;26,011;10,567;4,824;3,427;3,714;4,341;4,121;4,547;4,133;4,804;5,111;5,128;6,122;5,953;6,413;6,509;6,274;7,527;7,953;7,800;8,245;8,457;9,172;9,536;10,530;10,543;11,514;11,041;11,317;12,174;13,012;12,716;13,539;13,623;13,329;13,983;14,967;15,376;15,058;16,716;15,362;16,012;16,371;16,559;16,439;15,952;17,634;17,242;17,808;17,418;17,222;18,210;17,227;18,542;17,046;17,517;17,702;18,099;18,327;17,797;17,501;18,048;17,280;17,627;17,915;18,686;17,453;17,431;17,420;18,433;17,273;16,231;16,880;15,413;16,152;14,817;14,668;14,001;14,044;14,018;13,984;13,940;13,050;13,559;12,594;12,462;12,740;12,325;12,130;11,933;12,035;10,555;11,502;10,898;10,625;10,703;10,409;10,328;10,098;10,292;9,888;9,344;8,654;9,497;9,151;8,969;8,172;7,969;8,486;7,055;7,259;8,099;7,074;7,807;7,149;7,437;6,885;6,790;5,896;6,112;5,426;6,033;5,552;5,714;5,441;5,625;5,761;5,493;5,702;5,092;4,528;5,129;5,119;4,175;4,762;4,043;4,018;4,025;4,077;3,787;3,962;3,976;3,658;3,862;3,757;3,310;3,101;3,437;3,287;2,915;3,419;2,747;3,028;2,868;2,737;2,532;2,875;2,371;2,513;2,651;3,099;2,577;2,331;2,513;2,496;2,082;2,308;2,108;1,908;1,839;2,108;2,009;1,859;1,919;1,964;1,843;1,791;1,828;1,643;1,698;1,471;1,660;1,945;1,206;1,406;1,402;1,327;1,533;1,409;1,470;1,224;1,412;1,772;1,187;1,429;1,457;1,170;1,361;1,326;1,540;0,813;1,152;1,342;1,235;1,523;1,459;1,235;1,190;1,191;1,317;1,089;0,945;1,193;0,918;0,796;0,790;1,129;0,815;0,830;0,739;0,897;1,007;0,937;0,810;0,768;0,953;1,239;1,022;0,689;0,958;0,869;0,987;1,002;0,565;1,115;0,761;0,948;0,912;0,831;0,771;0,910;0,558;0,595;0,680;0,769;0,707;0,782;0,644;0,643;0,730;0,585;0,691;0,682;0,925;0,494;0,920;0,572;0,897;0,665;1,126;0,951;0,844;0,908;0,945;0,714;0,876;0,854;0,363;0,710;1,152;1,097;1,304;0,292;1,102;0,730;1,171;1,117;1,122;0,623;1,351;0,958;1,234;1,052;1,193;0,858;0,863;0,990;0,469;0,931;1,208;0,885;0,783;0,489;0,847;1,284;0,539;1,295;1,253;0,903;1,081;0,799;1,227;0,930;0,860;0,968;0,636;1,058;0,887;0,549;1,107;0,557;1,277;1,378;1,074;0,888;0,988;1,103;0,723;1,113;0,870;1,104;0,853;1,809;0,683;1,466;1,030;1,472;1,440;0,982;
425;1,746;1,643;1,373;0,931;1,984;0,770;0,782;1,008;0,714;0,700;0,484;1,149;0,925;1,231;0,740;0,908;0,787;0,649;0,715;0,736;0,623;0,628;0,285;1,086;0,400;0,573;0,510;0,638;0,366;0,387;0,581;0,259;0,555;0,476;0,376;0,490;0,554;0,300;0,400;0,335;0,543;0,526;0,146;0,333;0,222;0,390;0,543;0,398;0,573;0,401;0,248;0,457;0,462;0,435;0,425;0,302;0,340;0,198;0,240;0,399;0,276;0,139;0,388;0,270;0,330;0,377;0,497;0,302;0,265;0,340;0,205;0,376;0,330;0,282;0,465;0,265;0,294;0,433;0,344;0,319;0,305;0,317;0,137;0,262;0,392;0,311;0,308;0,512;0,259;0,319;0,416;0,125;0,262;0,158;0,319;0,464;0,401;0,338;0,319;0,380;0,376;0,476;0,206;0,389;0,315;0,214;0,280;0,312;0,234;0,215;0,208;0,291;0,238;0,313;0,195;0,193;0,272;0,318;0,234;0,183;0,415;0,292;0,255;0,176;0,224;0,328;0,195;0,176;0,175;0,178;0,281;0,102;0,236;0,203;0,294;0,263;0,116;0,130;0,363;0,193;0,166;0,420;0,439;0,321;0,251;0,156;0,306;0,293;0,192;0,297;0,365;0,323;0,311;0,459;0,318;0,427;0,316;0,350;0,457;0,555;0,476;0,595;0,790;0,800;0,790;0,864;0,997;0,867;1,120;2,583;5,513;13,837;33,268;60,835;80,257;76,696;57,019;33,985;13,760;4,855;2,913;2,643;2,625;3,190;3,259;2,997;3,620;4,221;4,197;4,579;4,618;5,118;4,961;5,233;6,093;6,090;6,937;6,435;6,977;7,573;7,429;7,951;8,191;8,648;9,365;9,042;9,876;9,759;10,467;10,020;11,317;11,123;11,915;10,720;11,090;12,301;11,555;11,610;12,135;12,217;12,056;12,616;12,712;12,186;12,378;12,710;12,219;13,024;13,436;14,385;12,690;12,909;13,092;13,219;12,214;12,304;13,140;13,570;12,648;13,970;12,971;12,627;13,175;12,727;13,294;12,514;13,650;13,221;12,413;11,935;11,915;11,891;11,543;10,671;10,901;10,219;9,869;9,658;10,084;9,329;9,460;9,650;9,710;8,784;8,394;8,280;8,382;8,582;7,739;7,818;7,630;7,781;7,462;6,726;7,271;7,908;6,531;6,601;6,679;6,902;7,075;6,322;5,936;5,645;5,638;5,816;5,373;6,354;5,622;4,827;4,962;5,013;5,069;4,709;4,563;4,202;4,576;4,032;5,094;4,746;3,768;4,154;4,153;3,335;3,419;3,702;3,883;3,757;3,562;4,116;3,308;3,591;3,207;3,283;3,129;2,983;2,944;2,999;2,675;2,605;2,373;2,467;2,420;2,660;2,593;2,341;2,469;2,024;2,264;2,299;2,123;2,024;2,164;1,546;2,437;1,821;2,019;1,767;1,806;1,973;1,361;1,858;1,678;1,568;1,415;1,412;1,385;2,111;1,560;1,462;1,208;1,418;1,767;1,076;1,300;1,541;1,398;1,593;1,361;1,717;1,259;1,271;1,658;0,844;1,141;1,478;0,828;0,875;1,360;1,611;1,018;1,016;0,833;1,326;0,850;1,264;1,070;1,303;1,080;1,164;0,901;0,985;0,775;0,857;0,733;1,218;1,260;0,731;1,049;0,746;0,470;0,896;0,808;0,872;0,991;0,968;0,858;0,891;0,727;1,115;0,712;0,781;0,962;0,700;0,839;0,790;1,113;0,761;0,764;0,864;0,686;0,593;0,641;0,562;0,815;0,657;0,604;0,383;0,559;0,977;0,636;1,101;0,653;0,879;0,621;0,353;0,820;0,744;0,681;0,904;0,377;0,540;0,850;0,779;0,699;0,983;0,593;0,853;0,942;0,935;0,862;0,585;0,976;0,883;0,981;1,054;0,489;0,774;1,121;0,865;0,762;0,943;0,898;0,929;0,937;0,783;0,862;0,698;0,945;1,336;0,732;1,071;0,748;0,582;1,018;0,532;0,520;1,002;1,291;0,647;1,495;0,995;0,447;0,787;0,769;1,275;1,144;0,660;0,760;0,739;0,663;1,194;1,253;0,927;1,107;1,200;1,131;2,059;1,367;1,143;1,425;0,997;0,978;1,615;1,386;0,941;1,508;0,978;1,736;0,845;1,234;
430;1,618;1,405;1,448;0,931;1,376;1,310;1,025;0,727;0,938;1,419;0,718;1,214;1,220;1,191;0,874;0,851;0,933;0,550;0,662;0,880;0,867;0,591;0,396;0,436;0,433;0,533;0,490;0,482;0,481;0,599;0,929;0,568;0,378;0,400;0,446;0,318;0,274;0,392;0,320;0,544;0,273;0,424;0,381;0,480;0,415;0,263;0,732;0,204;0,405;0,277;0,235;0,297;0,644;0,289;0,413;0,456;0,479;0,485;0,335;0,225;0,462;0,304;0,179;0,113;0,535;0,300;0,278;0,519;0,199;0,196;0,466;0,340;0,389;0,395;0,358;0,501;0,332;0,218;0,417;0,326;0,381;0,292;0,339;0,271;0,507;0,299;0,197;0,168;0,298;0,232;0,299;0,298;0,392;0,046;0,216;0,305;0,349;0,245;0,241;0,278;0,311;0,372;0,337;0,357;0,184;0,141;0,358;0,227;0,280;0,154;0,253;0,244;0,226;0,280;0,151;0,258;0,294;0,403;0,272;0,253;0,219;0,225;0,207;0,209;0,160;0,174;0,343;0,234;0,279;0,099;0,077;0,310;0,276;0,168;0,292;0,247;0,223;0,372;0,363;0,102;0,427;0,360;0,082;0,156;0,213;0,178;0,335;0,226;0,214;0,427;0,233;0,251;0,241;0,260;0,363;0,381;0,170;0,351;0,343;0,196;0,450;0,345;0,229;0,542;0,377;0,455;0,345;0,543;0,758;0,617;0,742;0,468;0,713;0,944;1,707;4,456;13,435;26,277;48,713;61,639;60,071;40,143;19,797;8,830;3,763;2,479;2,305;2,034;2,531;2,834;2,817;2,774;3,181;3,470;3,641;3,650;3,915;4,275;4,520;4,721;4,705;4,804;5,747;6,260;5,707;6,109;6,859;6,820;7,293;6,672;7,567;7,427;7,355;8,206;8,977;7,910;8,234;9,139;8,049;8,274;9,111;9,070;9,067;9,822;9,175;8,911;9,899;9,047;8,903;9,559;9,267;9,326;9,227;9,124;10,535;10,134;9,331;9,664;9,129;8,937;9,306;8,786;9,017;8,448;8,366;9,448;9,158;8,277;8,687;9,683;8,830;9,065;9,002;9,223;9,541;8,723;9,423;8,280;8,247;8,365;8,146;7,226;7,813;6,702;6,386;6,547;6,954;6,710;5,641;6,881;6,317;5,906;5,738;6,583;6,033;5,546;5,218;5,138;5,265;5,305;4,803;5,030;4,198;4,754;4,728;4,629;4,578;4,265;4,306;4,413;3,748;4,087;3,893;3,930;3,411;4,232;3,913;3,262;3,761;3,386;3,605;3,448;3,223;3,223;2,806;2,921;3,212;3,101;2,377;2,513;2,851;2,505;2,474;2,750;2,836;2,506;2,355;2,481;2,460;2,244;2,557;2,269;2,251;2,275;1,709;2,199;1,961;1,747;2,301;1,828;1,807;1,667;1,669;1,674;1,649;1,630;1,878;1,631;1,336;1,642;1,574;1,482;1,434;1,584;1,217;1,068;1,004;1,575;1,557;1,147;1,280;1,254;1,147;1,289;1,287;1,524;1,250;1,067;1,552;1,118;1,020;0,945;1,147;1,002;1,100;0,637;0,948;1,022;1,120;0,857;1,208;0,802;1,081;1,137;1,068;1,194;0,898;1,059;0,833;0,781;0,700;0,974;1,161;0,955;0,766;0,779;1,350;0,478;0,713;0,970;0,782;1,070;0,597;0,873;0,444;0,818;0,712;0,550;0,813;0,791;0,920;0,743;0,855;0,704;0,966;0,645;0,594;0,937;0,713;0,708;0,597;0,902;1,017;0,470;1,026;1,311;0,512;0,949;0,875;0,745;0,626;0,742;1,144;0,684;0,669;0,690;0,602;0,825;0,436;1,063;0,676;1,190;0,517;0,823;0,575;1,034;0,820;1,244;0,558;0,607;0,737;0,682;0,450;0,653;0,889;0,952;0,624;0,836;0,517;0,451;0,263;0,546;0,823;0,954;0,744;0,570;1,289;0,945;1,373;0,845;0,935;1,123;0,963;1,351;0,745;0,736;1,136;1,415;0,933;0,805;1,196;1,047;0,567;1,738;0,815;0,496;0,675;1,278;1,607;1,106;0,819;1,624;1,076;1,762;1,039;1,171;1,673;0,608;0,984;0,811;0,514;1,007;1,383;1,618;0,911;0,755;1,093;1,232;1,154;1,051;1,333;
435;1,650;2,058;0,726;1,924;1,113;0,945;1,221;0,304;0,955;1,088;0,450;0,819;0,876;0,887;0,815;1,080;1,171;0,676;0,934;0,981;0,543;0,720;0,413;0,474;0,810;0,323;0,626;0,609;0,644;0,475;0,530;0,641;0,496;0,372;0,221;0,877;0,379;0,430;0,264;0,553;0,413;0,374;0,421;0,315;0,552;0,208;0,418;0,345;0,609;0,443;0,524;0,446;0,553;0,305;0,521;0,311;0,390;0,611;0,368;0,572;0,372;0,280;0,419;0,429;0,385;0,608;0,470;0,249;0,243;0,303;0,415;0,362;0,402;0,221;0,522;0,268;0,219;0,351;0,334;0,292;0,364;0,286;0,367;0,440;0,332;0,163;0,192;0,287;0,422;0,279;0,320;0,103;0,298;0,278;0,276;0,323;0,214;0,262;0,369;0,183;0,243;0,256;0,300;0,348;0,449;0,139;0,372;0,363;0,284;0,265;0,236;0,205;0,399;0,223;0,196;0,259;0,357;0,243;0,252;0,293;0,499;0,261;0,264;0,245;0,218;0,257;0,239;0,200;0,291;0,163;0,239;0,116;0,214;0,097;0,169;0,379;0,331;0,266;0,335;0,154;0,337;0,262;0,191;0,304;0,295;0,271;0,257;0,389;0,256;0,307;0,296;0,309;0,366;0,374;0,152;0,197;0,166;0,262;0,209;0,274;0,274;0,307;0,206;0,242;0,251;0,292;0,282;0,386;0,509;0,416;0,444;0,506;0,569;0,450;0,499;0,598;0,702;0,625;0,727;1,486;4,309;14,066;33,921;54,386;63,579;55,756;38,822;18,829;7,320;3,204;2,009;2,204;2,203;2,225;2,362;2,502;2,443;2,815;3,043;2,938;3,156;3,599;3,738;3,539;4,210;4,047;4,735;4,782;5,376;4,595;4,463;5,204;5,469;5,781;5,356;4,933;5,636;6,210;6,128;5,788;6,563;6,292;6,676;6,345;6,547;6,530;6,747;7,556;7,050;6,314;6,754;7,229;6,667;6,576;6,351;6,460;6,821;7,221;6,845;6,607;7,373;6,735;6,312;6,355;6,628;6,103;6,763;6,929;6,102;6,497;6,144;6,261;6,550;6,788;6,687;6,842;6,924;6,603;6,711;7,245;6,407;6,235;6,893;6,474;5,907;5,636;5,265;5,015;5,286;4,641;4,511;4,568;4,516;4,625;4,295;4,908;3,946;3,979;4,213;4,558;3,959;3,607;4,359;3,645;3,683;3,874;3,600;3,231;3,357;3,595;3,301;3,636;3,142;2,733;3,273;3,199;2,729;3,088;2,527;2,496;2,546;2,378;2,708;2,579;2,504;2,754;3,114;2,266;2,221;2,659;2,245;2,076;2,432;1,988;2,187;1,747;2,215;1,781;2,066;2,148;2,259;2,003;2,142;1,799;1,903;1,934;1,715;1,790;1,879;1,920;1,790;1,505;1,527;1,224;1,257;1,294;1,609;1,487;1,065;1,557;0,990;0,932;1,265;1,385;1,465;1,030;1,079;1,465;1,128;1,208;1,068;1,443;1,088;1,165;1,179;1,192;1,095;0,774;0,949;1,032;1,088;0,891;0,830;0,981;0,758;0,961;0,801;1,120;0,959;1,186;1,311;1,004;0,911;0,959;0,925;1,074;0,712;0,627;0,602;0,629;0,959;1,036;0,920;0,923;1,008;0,899;0,685;0,989;0,540;0,643;0,734;0,470;0,307;0,665;0,954;0,864;0,773;0,886;1,100;1,133;0,769;0,519;0,608;1,066;0,900;0,402;0,671;0,659;0,261;0,490;1,063;0,756;0,789;0,845;0,846;0,847;0,824;0,438;0,822;0,454;0,907;0,452;0,792;0,639;0,504;0,620;0,266;0,461;0,674;0,710;0,916;0,743;0,701;0,971;1,094;0,966;0,830;0,692;0,775;0,783;1,145;0,822;1,209;0,987;0,779;0,611;0,557;1,016;0,679;1,005;0,543;1,231;0,401;0,706;1,030;0,919;0,775;0,463;0,704;0,835;1,018;1,150;1,097;1,192;1,169;0,772;0,838;0,940;1,303;0,838;0,587;0,621;0,922;0,909;1,266;1,359;0,778;1,191;1,186;0,813;1,093;1,097;0,792;1,448;0,909;1,213;0,361;0,648;1,092;1,175;1,109;1,160;1,223;1,034;0,944;0,574;1,157;1,957;1,847;1,633;1,792;
440;1,440;1,168;1,165;2,353;1,173;1,041;1,081;1,097;0,743;0,653;0,704;0,917;1,316;0,900;0,775;1,131;0,633;0,785;0,620;0,533;0,925;0,809;0,558;0,302;0,672;0,777;0,342;0,506;0,482;0,421;0,517;0,495;0,571;0,703;0,548;0,438;0,372;0,306;0,271;0,444;0,374;0,452;0,707;0,524;0,255;0,242;0,300;0,628;0,247;0,324;0,321;0,499;0,438;0,345;0,224;0,594;0,415;0,283;0,298;0,420;0,288;0,380;0,424;0,412;0,249;0,225;0,367;0,206;0,439;0,368;0,207;0,283;0,302;0,249;0,343;0,256;0,338;0,224;0,325;0,191;0,178;0,365;0,497;0,386;0,326;0,390;0,455;0,263;0,430;0,359;0,149;0,257;0,159;0,485;0,117;0,285;0,383;0,312;0,253;0,310;0,399;0,330;0,277;0,215;0,357;0,319;0,175;0,237;0,210;0,220;0,265;0,304;0,272;0,163;0,244;0,276;0,272;0,377;0,121;0,326;0,276;0,225;0,283;0,230;0,301;0,369;0,170;0,136;0,283;0,172;0,266;0,265;0,358;0,215;0,197;0,238;0,260;0,205;0,248;0,237;0,183;0,295;0,300;0,210;0,240;0,125;0,355;0,355;0,389;0,243;0,253;0,199;0,219;0,336;0,382;0,252;0,357;0,183;0,271;0,344;0,159;0,179;0,223;0,356;0,306;0,317;0,295;0,331;0,365;0,369;0,445;0,318;0,326;0,295;0,451;0,513;0,448;0,365;0,359;0,402;0,460;0,523;0,443;0,754;1,517;4,205;11,820;30,592;54,870;69,848;64,574;41,375;21,227;8,078;3,176;1,585;1,480;1,830;1,900;2,148;2,071;2,073;2,434;2,553;2,833;2,678;3,013;3,349;2,969;3,464;3,412;3,593;3,690;3,438;3,667;3,239;3,722;4,043;3,999;3,880;4,135;3,925;4,359;4,860;4,460;4,347;4,745;5,241;4,467;4,616;4,674;4,958;4,781;4,827;4,478;4,721;4,980;4,786;5,076;4,831;4,498;5,054;5,202;4,806;4,568;5,170;4,651;4,357;4,730;4,473;4,236;4,604;4,769;4,400;4,756;4,437;4,454;4,773;4,347;4,438;4,424;4,803;5,019;5,394;5,005;4,799;4,695;4,767;4,752;4,987;4,019;4,117;4,036;3,720;4,080;3,505;3,335;3,308;3,384;2,798;2,960;2,949;3,294;3,121;3,073;2,998;2,992;2,825;2,700;2,483;2,736;2,574;2,876;2,763;2,363;2,418;2,394;2,167;2,299;2,319;2,154;2,052;2,149;1,921;2,098;2,011;2,334;2,046;2,011;1,959;2,062;1,734;2,035;1,636;1,528;1,760;1,623;2,140;1,286;1,739;1,233;1,274;1,439;1,472;1,309;1,603;1,333;1,237;1,065;1,707;1,339;1,467;1,329;1,250;1,090;0,867;1,443;1,166;1,527;1,322;0,970;1,122;1,210;0,902;1,068;1,078;0,816;1,034;0,810;0,985;0,887;1,108;0,957;1,046;0,907;1,215;1,000;1,010;0,739;1,023;0,952;1,198;0,889;1,106;0,877;1,014;0,752;0,781;1,050;0,765;0,772;1,056;0,885;0,993;1,099;0,712;0,981;0,796;0,890;0,754;0,797;0,696;0,411;0,597;0,878;0,867;0,783;0,727;1,079;0,702;0,852;0,372;0,842;0,661;0,571;0,972;0,415;0,624;0,451;0,564;0,464;0,831;0,581;0,888;0,782;0,705;0,589;0,845;0,685;0,719;0,483;0,693;0,783;0,449;0,473;0,567;0,747;0,707;0,713;0,465;0,475;1,021;0,640;0,666;0,778;0,737;0,745;0,754;1,083;0,833;0,798;0,531;0,909;0,641;0,576;0,475;0,684;0,905;0,751;0,642;0,785;0,658;0,966;0,292;0,869;0,738;1,191;0,463;0,756;0,962;0,471;0,613;1,168;0,785;0,827;1,145;0,657;0,794;0,893;0,557;0,569;0,602;1,342;0,851;0,780;1,346;0,937;0,717;0,793;0,781;0,905;1,145;1,236;1,127;0,600;0,700;0,798;1,074;0,937;0,453;0,811;0,879;0,654;1,671;0,919;1,426;0,934;0,507;0,942;1,187;1,755;1,587;1,042;1,159;0,825;1,800;0,869;1,409;1,117;1,528;1,232;
445;1,629;1,632;0,962;1,121;1,126;1,054;0,993;1,484;0,805;0,770;0,916;0,554;0,748;1,019;0,314;0,791;0,803;0,922;0,774;0,857;0,710;0,613;0,509;0,639;0,507;0,544;0,531;0,519;0,329;0,433;0,557;0,496;0,498;0,268;0,689;0,410;0,464;0,606;0,290;0,386;0,395;0,380;0,337;0,758;0,490;0,378;0,501;0,409;0,299;0,307;0,515;0,613;0,238;0,390;0,565;0,365;0,298;0,474;0,273;0,452;0,453;0,514;0,293;0,370;0,466;0,466;0,433;0,245;0,255;0,290;0,292;0,283;0,282;0,298;0,398;0,077;0,346;0,315;0,503;0,364;0,370;0,257;0,367;0,079;0,209;0,215;0,389;0,327;0,341;0,109;0,170;0,263;0,273;0,419;0,411;0,261;0,273;0,249;0,144;0,309;0,304;0,319;0,305;0,352;0,312;0,339;0,208;0,207;0,176;0,346;0,299;0,177;0,344;0,282;0,337;0,281;0,238;0,209;0,224;0,093;0,259;0,335;0,185;0,239;0,243;0,192;0,311;0,191;0,228;0,238;0,376;0,302;0,313;0,154;0,153;0,260;0,236;0,225;0,160;0,287;0,170;0,290;0,261;0,137;0,344;0,336;0,164;0,182;0,222;0,191;0,277;0,223;0,251;0,312;0,130;0,213;0,239;0,367;0,108;0,273;0,236;0,274;0,207;0,334;0,231;0,179;0,272;0,434;0,311;0,294;0,275;0,333;0,244;0,196;0,222;0,279;0,296;0,443;0,298;0,375;0,394;0,369;0,421;0,315;0,440;0,645;0,440;0,427;0,785;1,194;3,606;11,905;23,785;43,134;54,295;55,812;35,375;18,599;8,261;3,131;1,919;1,418;1,625;1,436;1,436;1,629;2,040;1,714;2,041;2,190;2,291;2,303;2,242;2,715;2,500;2,634;2,449;2,857;2,748;2,681;2,720;3,007;2,955;3,028;2,918;2,945;3,271;3,089;3,309;3,306;3,543;3,215;3,214;3,245;3,016;3,223;3,073;3,748;3,185;3,475;2,986;3,164;3,048;3,671;3,425;3,243;3,321;3,288;3,410;3,273;3,357;3,389;3,462;3,226;3,317;2,908;3,280;3,122;3,504;3,428;2,688;3,186;3,026;3,085;2,991;3,099;3,387;3,145;3,233;3,626;3,672;3,306;3,500;3,577;3,895;3,568;3,708;3,376;2,950;3,084;2,936;3,024;2,916;2,168;2,612;2,162;2,336;2,478;2,077;1,962;2,706;2,030;2,382;2,177;2,196;2,038;2,238;1,520;1,589;1,864;1,736;2,038;1,722;1,478;2,011;1,646;1,727;1,579;1,767;2,162;1,491;1,871;1,440;1,546;1,271;1,553;1,657;1,390;1,431;1,460;0,981;1,413;1,541;1,389;1,248;0,900;0,982;0,987;1,287;1,303;1,328;1,195;1,098;1,453;1,356;1,177;1,560;0,884;1,017;0,956;1,360;0,739;1,096;0,932;1,360;1,227;1,239;1,141;0,913;0,885;1,271;0,794;0,973;0,727;1,135;0,926;1,042;0,779;0,690;0,774;0,665;1,194;1,095;0,491;1,029;1,104;0,888;0,739;1,160;0,651;0,912;0,717;0,909;0,928;0,947;0,975;0,889;0,901;0,605;0,667;0,584;1,018;0,809;1,339;0,795;0,957;0,916;0,912;0,669;0,920;0,685;0,560;0,542;0,648;0,772;0,842;0,476;0,960;0,970;0,616;0,564;0,739;0,716;0,669;0,907;0,462;0,546;1,212;0,547;0,528;0,560;0,603;0,704;0,455;0,655;0,564;0,755;0,850;0,897;0,639;0,852;0,270;0,622;0,790;0,559;0,815;0,573;0,769;0,611;0,804;0,775;0,614;0,618;0,445;0,726;0,840;0,958;1,149;0,780;0,729;1,004;0,747;0,452;1,184;0,569;0,707;0,959;0,818;0,552;0,767;1,185;0,948;0,987;0,812;0,928;1,265;1,013;1,002;0,649;0,614;0,676;1,000;0,836;0,576;0,666;1,046;1,526;1,211;1,088;1,147;0,533;0,635;0,911;0,570;1,095;1,557;0,066;0,775;1,045;0,605;0,817;1,036;1,409;0,759;1,121;1,235;0,996;0,648;1,474;1,373;1,245;1,031;0,909;0,657;1,521;1,153;0,706;1,311;1,356;1,573;0,686;
450;1,539;1,350;0,991;1,675;1,562;1,288;1,088;1,166;0,916;0,865;1,229;0,875;0,573;0,818;0,747;0,684;0,365;0,740;0,899;0,802;0,357;0,669;0,293;0,325;0,594;0,585;0,566;0,731;0,901;0,627;0,689;0,664;0,311;0,208;0,362;0,255;0,511;0,517;0,652;0,269;0,336;0,460;0,368;0,239;0,426;0,459;0,417;0,473;0,359;0,366;0,262;0,457;0,242;0,230;0,190;0,167;0,286;0,290;0,267;0,424;0,459;0,248;0,329;0,297;0,178;0,263;0,287;0,213;0,576;0,391;0,211;0,361;0,301;0,220;0,353;0,250;0,288;0,158;0,504;0,259;0,181;0,375;0,316;0,064;0,447;0,345;0,342;0,340;0,285;0,278;0,312;0,346;0,226;0,346;0,219;0,261;0,296;0,235;0,241;0,266;0,232;0,263;0,330;0,444;0,292;0,262;0,264;0,292;0,241;0,309;0,299;0,239;0,323;0,304;0,221;0,212;0,344;0,155;0,216;0,213;0,428;0,503;0,230;0,232;0,271;0,247;0,122;0,326;0,310;0,203;0,302;0,176;0,181;0,151;0,137;0,150;0,282;0,184;0,250;0,275;0,336;0,171;0,250;0,226;0,341;0,206;0,244;0,245;0,320;0,493;0,295;0,188;0,243;0,195;0,156;0,279;0,291;0,121;0,411;0,371;0,272;0,301;0,279;0,266;0,325;0,244;0,229;0,202;0,261;0,267;0,212;0,263;0,220;0,117;0,291;0,198;0,239;0,332;0,197;0,330;0,288;0,265;0,331;0,323;0,363;0,390;0,391;0,465;0,322;0,483;0,405;0,575;0,439;0,496;1,078;3,145;10,512;23,284;39,750;54,097;55,078;44,196;23,362;8,129;2,785;1,268;1,185;1,075;1,332;1,316;1,364;1,224;1,468;1,464;1,693;1,612;1,615;1,667;1,895;1,730;1,668;2,118;1,662;1,730;1,921;1,876;1,763;1,903;2,015;1,960;2,063;2,037;2,131;2,214;2,239;2,142;2,205;2,295;2,271;2,428;2,208;2,257;2,090;2,132;2,438;2,581;2,246;2,422;2,645;2,173;2,462;2,269;2,375;2,353;2,180;2,372;2,233;2,006;2,117;2,263;2,090;2,215;2,212;2,106;2,229;2,342;2,335;2,244;1,805;2,261;2,081;2,077;1,884;2,129;2,315;2,475;2,594;2,716;2,522;2,876;2,970;2,658;2,683;3,028;2,610;2,995;2,177;1,892;1,959;1,981;2,286;1,771;1,830;1,711;1,658;1,796;1,290;1,310;1,384;1,516;1,531;1,666;1,665;1,359;1,210;1,297;1,312;1,364;1,593;1,514;1,230;1,369;1,343;1,326;1,125;0,996;1,259;1,350;1,296;0,861;1,266;1,100;1,042;1,250;1,006;0,942;1,183;0,972;0,741;1,117;1,000;0,919;0,989;1,047;0,982;1,320;0,996;0,801;0,996;0,900;1,070;0,679;1,038;0,916;0,901;1,255;0,975;0,971;0,822;0,691;0,650;0,872;0,867;0,568;0,690;0,700;0,907;1,043;0,968;1,097;0,819;0,730;0,812;0,351;0,635;1,162;0,638;1,031;0,938;0,778;0,986;0,759;1,059;0,503;0,623;0,687;0,890;0,859;0,562;0,647;0,694;0,429;0,793;0,410;0,583;0,552;0,587;0,638;0,630;0,691;0,742;0,389;0,611;0,728;0,601;0,674;0,696;0,660;0,544;0,583;0,816;0,750;0,739;0,565;0,503;0,588;0,398;0,658;0,768;0,559;0,522;0,608;0,738;0,575;0,747;0,489;0,437;0,404;0,399;0,713;0,551;0,811;0,612;0,441;0,765;0,642;0,441;0,592;0,569;0,683;0,714;0,828;0,637;0,793;0,482;0,606;0,716;0,496;0,807;1,052;0,502;0,766;0,580;0,887;0,740;1,121;0,664;0,857;0,562;0,796;0,737;0,706;0,810;0,551;0,809;0,996;0,922;0,585;0,927;0,517;0,594;0,503;0,789;0,776;1,050;1,228;0,783;1,042;0,954;0,976;1,052;0,867;0,619;0,705;1,090;0,808;0,691;1,214;0,832;0,640;1,100;0,650;1,820;1,350;0,719;0,656;0,901;1,564;1,378;1,387;1,068;1,268;1,322;1,647;1,413;0,837;0,647;0,923;1,075;0,762;1,599;
