Summary
[Software Information]
Software Name:;LabSolutions RF
Version:;1,16
[Data Information]
Data is:;Modified
Sample Name
Sample ID
Option
Analyst
Date/Time:;12.05.2021 12:56:34
Comments
[Instrument Information]
Instrument Name:;RF-6000
Instrument Type:;RF-6000 Series
Model (S/N):;RF-6000 (A40245801685SA)

Parameter
[Measurement]
Spectrum Type:;3D
EX Wavelength Start:;250,0 nm
EX Wavelength End:;450,0 nm
Data Interval:;5,0 nm
EM Wavelength Start:;250,0 nm
EM Wavelength End:;750,0 nm
Data Interval:;1,0 nm
Scan Speed:;6000 nm/min
[Instrument]
EX Bandwidth:;3,0 nm
EM Bandwidth:;3,0 nm
Sensitivity:;High
[Attachment]
Attachment:;None
[Auto Print]
Auto Print:;No
Report File:;

736 - CorrectionData
EX Wavelength/EM Wavelength;250;251;252;253;254;255;256;257;258;259;260;261;262;263;264;265;266;267;268;269;270;271;272;273;274;275;276;277;278;279;280;281;282;283;284;285;286;287;288;289;290;291;292;293;294;295;296;297;298;299;300;301;302;303;304;305;306;307;308;309;310;311;312;313;314;315;316;317;318;319;320;321;322;323;324;325;326;327;328;329;330;331;332;333;334;335;336;337;338;339;340;341;342;343;344;345;346;347;348;349;350;351;352;353;354;355;356;357;358;359;360;361;362;363;364;365;366;367;368;369;370;371;372;373;374;375;376;377;378;379;380;381;382;383;384;385;386;387;388;389;390;391;392;393;394;395;396;397;398;399;400;401;402;403;404;405;406;407;408;409;410;411;412;413;414;415;416;417;418;419;420;421;422;423;424;425;426;427;428;429;430;431;432;433;434;435;436;437;438;439;440;441;442;443;444;445;446;447;448;449;450;451;452;453;454;455;456;457;458;459;460;461;462;463;464;465;466;467;468;469;470;471;472;473;474;475;476;477;478;479;480;481;482;483;484;485;486;487;488;489;490;491;492;493;494;495;496;497;498;499;500;501;502;503;504;505;506;507;508;509;510;511;512;513;514;515;516;517;518;519;520;521;522;523;524;525;526;527;528;529;530;531;532;533;534;535;536;537;538;539;540;541;542;543;544;545;546;547;548;549;550;551;552;553;554;555;556;557;558;559;560;561;562;563;564;565;566;567;568;569;570;571;572;573;574;575;576;577;578;579;580;581;582;583;584;585;586;587;588;589;590;591;592;593;594;595;596;597;598;599;600;601;602;603;604;605;606;607;608;609;610;611;612;613;614;615;616;617;618;619;620;621;622;623;624;625;626;627;628;629;630;631;632;633;634;635;636;637;638;639;640;641;642;643;644;645;646;647;648;649;650;651;652;653;654;655;656;657;658;659;660;661;662;663;664;665;666;667;668;669;670;671;672;673;674;675;676;677;678;679;680;681;682;683;684;685;686;687;688;689;690;691;692;693;694;695;696;697;698;699;700;701;702;703;704;705;706;707;708;709;710;711;712;713;714;715;716;717;718;719;720;721;722;723;724;725;726;727;728;729;730;731;732;733;734;735;736;737;738;739;740;741;742;743;744;745;746;747;748;749;750;
250;544,909;411,852;249,710;101,189;49,918;21,799;10,426;13,135;16,642;14,276;22,993;14,489;17,563;9,947;8,513;18,909;10,421;30,453;26,424;59,858;61,589;86,781;97,639;76,431;56,371;36,226;20,375;10,177;9,558;13,600;3,892;9,144;3,371;6,988;3,908;5,556;5,587;6,411;4,706;9,564;8,068;1,579;5,736;7,828;4,387;3,241;9,697;5,700;11,657;4,967;5,420;5,958;3,677;5,799;3,301;5,999;4,651;3,992;4,917;5,811;3,362;5,768;6,261;6,355;4,381;4,933;1,545;2,315;5,498;4,427;3,890;8,245;4,192;5,488;3,981;4,751;5,696;6,305;6,903;9,348;9,006;8,160;8,344;7,449;7,170;8,679;6,443;9,450;8,690;6,459;5,375;6,490;10,999;10,051;8,294;7,244;10,931;8,461;5,967;8,390;6,058;7,549;7,869;6,278;5,620;6,291;6,097;5,604;6,021;7,092;7,183;5,510;7,590;5,947;6,583;6,612;5,257;3,995;4,996;6,521;7,182;6,211;7,409;8,882;6,346;5,292;6,768;6,630;8,339;9,414;5,374;6,279;6,452;7,183;7,374;6,257;6,025;9,445;7,246;9,570;8,443;10,686;14,204;16,115;18,173;18,460;22,821;20,901;19,012;25,234;26,799;37,490;34,230;37,253;49,382;45,280;58,840;53,702;56,035;65,524;76,783;77,194;87,232;85,243;87,414;96,462;105,540;95,665;111,163;129,384;125,186;128,424;123,929;141,810;145,322;156,935;160,805;171,282;175,883;165,552;179,675;191,838;191,746;197,685;186,678;205,882;195,570;189,035;215,079;220,936;208,467;221,310;220,621;230,982;228,187;242,728;237,814;232,998;225,585;234,487;246,361;228,294;236,755;233,180;229,816;238,786;236,707;235,201;244,156;242,524;241,194;231,941;223,074;229,287;217,411;227,475;220,747;212,909;225,342;224,251;216,367;212,245;209,389;196,253;203,373;214,821;195,513;192,601;197,179;199,024;170,428;179,117;178,328;184,298;187,694;183,221;171,062;171,151;165,358;157,159;155,715;158,731;143,442;150,477;154,143;152,818;176,785;191,564;207,513;196,085;192,854;180,018;154,943;128,560;141,525;128,558;113,193;102,546;101,840;96,719;97,317;102,574;90,890;100,597;90,173;87,503;92,561;76,432;72,857;84,240;78,650;84,197;79,043;73,896;66,736;68,134;71,863;71,248;62,707;61,067;65,136;68,775;54,728;52,412;55,163;53,380;46,522;53,648;60,329;52,035;56,376;61,459;46,802;50,371;57,116;57,432;58,868;47,490;45,931;44,318;40,913;39,757;44,858;33,923;31,615;39,158;36,177;37,183;30,278;33,698;30,763;27,279;23,329;23,129;29,143;24,587;25,908;33,546;28,549;23,623;21,415;23,830;26,665;19,767;20,350;20,724;20,271;20,477;19,098;16,397;16,139;21,241;17,918;17,090;19,855;18,881;13,979;14,782;14,578;20,061;15,399;10,376;14,295;15,563;14,535;18,793;15,919;14,369;12,994;13,482;11,284;14,551;13,773;11,863;13,587;11,408;13,883;13,612;15,727;6,304;10,146;13,847;13,822;11,752;13,961;9,054;10,297;11,652;7,361;14,125;12,768;15,936;8,949;12,074;7,786;12,855;12,733;13,367;9,946;10,804;9,193;13,853;6,318;13,905;12,114;10,785;4,429;14,100;8,283;10,294;7,850;13,522;9,378;10,358;9,743;11,750;10,021;5,230;11,720;10,755;5,935;5,864;10,346;8,952;9,743;14,536;5,044;7,288;5,482;9,748;8,902;6,262;6,673;11,334;4,979;3,623;6,876;11,475;9,347;8,425;8,108;9,672;8,674;15,030;4,148;6,768;5,175;6,262;19,352;9,867;3,418;4,585;6,803;9,185;12,214;11,491;12,684;14,286;9,106;5,200;5,006;9,979;10,895;11,121;6,379;12,863;8,316;12,425;5,197;16,444;11,353;11,467;26,209;13,950;13,059;11,111;9,695;8,590;9,208;8,268;10,139;17,133;9,753;11,982;21,185;14,432;7,242;6,298;12,808;15,166;14,952;12,791;12,586;17,527;6,799;15,446;7,649;13,269;12,677;7,161;8,430;8,993;23,874;18,732;18,805;16,542;10,648;11,507;16,868;10,299;12,792;27,394;23,410;22,124;21,888;28,428;17,172;26,386;39,933;23,912;11,841;
255;151,800;307,527;584,227;699,800;911,748;774,703;579,346;321,147;134,947;54,405;27,703;13,798;10,825;12,468;12,429;15,733;13,686;8,413;8,745;10,834;13,130;7,235;10,399;18,072;28,573;56,438;71,404;104,488;102,826;85,284;79,240;49,352;31,398;23,275;12,376;7,041;8,283;6,978;4,493;6,162;3,319;5,841;7,123;5,122;5,675;7,201;10,021;1,667;4,733;6,641;2,178;2,903;5,929;6,088;3,278;6,428;6,872;4,462;3,895;3,649;5,858;4,082;4,814;3,429;5,247;5,380;3,688;5,325;5,282;6,540;7,483;4,853;8,811;7,962;9,562;5,274;5,694;6,502;7,108;7,579;6,301;8,439;8,206;6,820;10,848;9,102;8,915;9,034;7,741;9,455;8,839;10,054;9,162;10,908;12,378;10,605;9,049;10,332;6,277;6,371;6,666;7,702;7,665;9,458;6,903;4,888;7,339;6,944;9,840;5,987;8,013;6,600;6,520;5,088;6,345;5,658;6,071;8,062;7,256;6,296;5,791;6,753;4,155;6,389;8,530;7,006;5,936;6,102;6,001;8,822;6,459;5,357;7,453;5,558;4,674;8,151;6,459;5,923;8,160;11,440;7,016;11,008;11,747;14,488;13,189;18,898;16,693;13,826;21,021;15,922;27,126;31,458;30,500;32,778;36,179;40,401;39,921;46,970;41,067;50,902;64,027;63,127;71,212;67,731;75,383;77,477;89,159;94,235;99,367;111,961;107,635;106,138;115,268;111,888;125,180;124,514;141,587;143,279;136,731;148,971;147,109;154,513;160,344;172,015;161,664;177,368;172,590;172,884;183,858;192,345;182,699;185,662;190,825;196,219;204,305;202,740;192,661;206,432;202,236;196,537;207,554;205,490;207,130;208,332;215,722;202,014;221,962;219,725;210,141;200,717;199,130;188,598;203,902;194,154;202,263;191,469;196,641;195,397;193,033;186,709;183,830;186,239;180,847;176,770;181,637;179,734;169,046;168,576;159,658;150,107;165,925;153,185;149,986;156,040;143,692;148,713;148,937;136,999;140,426;144,595;137,565;136,479;129,015;124,088;132,383;115,216;113,378;119,051;118,773;119,239;114,203;114,592;105,158;110,458;112,975;137,317;146,865;157,106;176,392;198,319;190,897;178,715;167,539;135,017;105,712;96,399;81,722;74,191;72,686;75,580;68,274;68,978;69,347;67,484;71,098;69,337;65,253;55,411;61,525;53,548;52,932;55,673;53,957;49,897;46,449;50,903;42,038;47,915;44,678;51,276;46,339;44,355;40,679;38,395;43,630;38,251;34,578;35,890;33,584;33,557;41,258;36,476;38,928;41,506;47,254;37,083;38,407;44,666;39,161;42,916;42,148;34,065;32,207;28,835;37,020;24,768;24,855;28,689;23,832;23,955;20,745;21,332;19,894;21,106;22,017;19,393;21,411;16,836;18,776;16,444;13,880;14,718;15,181;16,054;12,346;16,703;15,613;19,542;17,086;12,680;14,093;15,977;17,240;13,783;16,371;10,422;15,019;10,655;8,517;13,382;10,168;13,248;7,843;14,320;9,627;9,738;9,710;16,613;7,827;17,572;8,140;14,323;7,171;12,088;15,109;11,223;13,525;10,157;10,149;11,254;10,055;10,464;10,190;11,171;8,837;7,577;11,646;6,891;7,217;10,478;11,206;9,842;5,633;8,217;11,138;8,517;10,099;12,543;4,987;7,116;6,844;6,718;4,767;10,033;7,212;5,539;13,071;7,182;9,130;5,686;9,189;8,179;7,441;9,262;4,058;7,327;7,304;4,755;4,366;7,772;5,233;7,555;9,720;6,497;7,106;12,490;8,427;5,765;4,542;9,310;5,438;7,852;4,852;10,682;7,978;8,659;7,557;5,285;13,602;8,551;5,218;5,504;16,346;11,599;9,024;9,369;11,292;6,496;11,446;4,274;8,182;10,875;11,402;19,540;6,487;7,204;11,937;10,325;8,865;5,917;10,201;16,318;11,388;12,972;10,480;15,002;9,505;7,722;4,842;8,772;12,269;9,836;11,466;8,255;12,289;14,264;13,727;8,798;7,005;8,553;10,889;12,669;10,424;17,556;16,400;14,099;4,524;11,255;12,310;12,224;11,038;9,366;10,648;22,688;13,167;18,604;5,873;15,664;17,522;15,615;10,497;8,689;13,266;16,347;15,058;21,117;19,922;16,566;12,769;11,013;18,538;
260;11,498;7,247;5,364;12,948;63,889;147,560;306,417;518,273;808,980;830,681;771,390;511,152;345,085;163,156;51,370;12,788;11,354;9,873;7,850;9,778;7,380;8,113;7,792;7,402;6,477;4,974;4,165;5,446;12,581;14,112;29,479;56,136;69,780;79,906;95,257;79,771;59,787;40,007;27,205;13,529;9,140;4,679;6,045;4,802;3,852;5,176;5,144;2,392;4,730;2,253;4,554;3,985;4,779;2,539;2,816;3,350;5,019;4,190;2,062;3,867;5,406;4,373;1,740;5,359;3,546;5,577;5,871;4,872;5,275;6,898;5,563;6,157;6,611;4,308;6,315;7,650;8,397;7,588;9,455;6,413;6,659;7,210;6,927;7,907;8,553;5,649;7,657;9,764;10,944;9,872;10,046;8,746;8,857;8,938;6,579;8,260;9,863;7,238;8,961;9,101;6,283;7,756;6,144;7,168;10,692;6,763;6,563;7,004;7,527;7,310;6,331;7,178;8,261;5,814;7,539;7,090;7,151;6,428;6,316;6,647;4,559;6,264;7,399;6,863;6,094;6,009;8,424;5,676;6,738;5,413;5,264;8,425;4,245;6,475;5,008;4,879;7,878;8,086;8,285;9,069;10,350;7,558;9,644;9,281;8,084;9,695;11,660;12,092;15,304;12,562;18,990;15,098;18,034;19,792;22,865;29,244;27,072;28,060;25,220;35,017;31,932;42,658;43,666;44,965;44,555;44,627;57,305;58,122;60,480;55,618;61,164;72,567;70,252;67,791;78,176;68,847;89,022;81,407;88,252;85,335;96,888;90,110;91,512;110,318;98,726;107,208;103,564;106,850;120,713;112,938;114,237;113,473;114,454;121,870;123,212;113,174;130,965;116,118;121,599;122,977;122,256;126,015;121,601;121,342;131,403;124,900;128,048;126,462;131,114;120,059;120,659;122,179;121,973;130,584;116,914;121,207;120,278;118,887;115,822;112,511;113,984;108,952;113,104;113,105;117,630;110,936;105,459;103,041;108,231;103,608;99,046;99,054;97,953;99,508;97,338;88,699;96,034;92,623;95,578;84,112;87,026;82,153;85,645;78,594;82,051;78,853;81,830;75,818;66,887;73,292;68,205;69,699;64,287;66,939;70,524;58,343;62,524;59,374;64,366;59,698;54,676;54,748;50,444;54,899;58,348;80,428;101,840;134,371;144,934;161,979;163,201;150,279;144,696;109,214;76,129;63,405;48,529;45,573;36,136;39,006;40,681;33,329;29,731;37,834;31,111;33,063;28,883;29,953;32,336;24,721;26,298;26,642;25,919;27,747;25,041;22,982;25,681;23,059;25,248;26,455;27,003;21,377;20,905;21,651;18,936;15,947;17,309;19,595;19,813;18,613;18,444;19,066;22,589;24,126;20,158;27,955;20,783;26,500;24,131;32,770;27,211;27,172;25,218;23,501;23,951;21,390;16,242;18,235;12,601;14,447;14,633;8,048;12,173;13,946;12,197;6,142;11,694;8,255;12,464;12,128;11,599;13,448;10,650;9,740;6,393;7,106;9,081;10,142;6,847;6,601;7,765;7,799;6,619;8,738;7,321;8,116;6,427;9,682;5,906;8,011;11,115;8,073;6,139;8,427;8,601;7,144;7,346;9,188;6,132;5,744;7,860;6,002;7,548;6,514;8,204;7,585;7,532;6,073;6,462;9,666;6,325;7,814;8,613;6,069;2,064;6,008;6,406;8,298;6,332;2,392;6,015;6,645;4,891;9,382;5,189;5,872;5,956;6,090;7,206;3,347;9,503;6,686;6,063;4,750;4,585;11,306;6,840;4,866;4,870;5,301;6,359;4,600;3,052;6,553;8,503;6,809;5,203;7,166;7,631;6,069;6,513;4,397;7,812;6,119;6,938;4,189;9,848;4,578;5,394;5,538;6,102;8,654;4,621;5,210;6,320;5,378;6,647;10,382;4,002;8,564;8,929;8,500;7,304;11,194;7,565;11,464;10,637;5,768;7,661;6,382;5,529;9,305;6,955;8,476;9,577;11,149;12,139;10,458;7,363;11,518;13,156;10,984;5,200;10,074;10,753;10,834;8,025;7,030;6,521;10,646;7,606;14,795;12,542;10,658;9,347;12,306;10,872;14,707;4,117;11,987;12,738;10,434;9,653;12,104;20,702;15,775;10,065;14,911;11,621;6,838;8,937;12,075;6,515;11,422;15,000;9,281;8,792;7,139;7,748;11,637;7,823;
265;1,649;9,013;5,890;9,476;7,446;6,689;5,976;8,177;12,886;47,565;158,477;354,232;577,292;794,325;823,149;778,916;511,538;248,969;106,491;44,536;11,807;9,786;9,539;8,862;8,730;6,716;5,015;4,483;4,379;6,867;3,080;5,502;4,138;8,789;7,184;17,500;25,545;44,544;66,124;74,504;74,412;71,343;56,261;42,620;18,972;9,555;6,907;6,041;8,196;4,877;5,376;3,416;6,545;3,718;3,058;3,353;4,026;2,451;4,349;3,418;4,855;3,041;3,938;5,071;4,286;4,202;4,217;5,266;4,650;6,326;7,529;4,216;4,553;8,593;6,475;5,780;7,442;6,363;5,633;6,836;8,679;8,362;8,542;7,598;8,693;6,895;10,550;8,716;8,506;6,378;9,489;6,767;9,358;9,472;10,936;9,085;8,763;9,482;9,386;6,966;7,447;5,960;6,989;5,047;6,587;7,108;8,258;7,320;6,338;6,847;6,272;6,255;8,824;7,526;8,531;6,164;6,568;7,891;6,803;6,696;7,071;6,374;7,339;5,453;7,112;5,368;6,383;6,436;7,198;6,597;6,450;6,987;7,925;6,357;6,646;7,070;6,360;5,678;8,484;8,292;5,389;7,305;9,383;9,217;11,440;10,665;11,355;9,747;8,924;10,501;10,580;7,464;13,682;12,516;14,706;16,417;15,801;19,992;18,242;20,269;20,944;22,900;25,819;26,134;29,899;33,304;29,681;37,927;32,421;38,753;38,378;39,544;41,311;42,097;46,654;49,782;49,485;54,673;56,701;52,822;50,782;56,595;59,246;66,487;57,002;66,642;64,987;61,833;65,476;72,328;74,767;76,065;66,801;69,068;73,436;70,989;69,466;79,046;75,717;74,297;75,866;75,274;78,667;79,420;76,971;75,172;81,081;74,117;70,726;75,403;73,575;75,408;73,363;71,945;67,922;73,866;74,187;72,589;67,479;69,093;69,818;75,286;68,576;70,488;65,429;71,400;69,762;66,958;65,203;61,507;60,770;63,026;62,790;65,247;61,118;58,338;57,184;60,074;53,514;57,845;48,825;51,471;50,461;53,348;48,603;51,106;47,562;49,244;41,838;44,232;39,760;43,051;50,693;38,280;41,577;39,069;40,111;34,492;40,606;37,933;36,584;35,096;36,249;33,088;29,128;32,240;33,860;29,007;31,762;29,373;30,530;29,315;31,258;34,361;52,696;74,167;99,775;125,136;148,714;152,861;139,986;114,488;98,085;63,204;46,768;31,333;25,460;24,557;20,059;20,682;16,585;19,216;21,144;15,746;16,315;15,909;18,404;16,666;18,753;15,096;16,762;14,434;12,811;13,192;14,094;13,532;12,956;10,234;10,316;12,649;12,129;11,314;11,142;10,028;11,424;12,055;8,226;10,906;11,535;11,438;9,140;9,818;11,905;15,808;11,668;13,880;11,177;18,911;17,882;21,441;22,642;20,868;15,182;18,929;20,695;15,452;17,026;12,108;11,177;8,133;8,663;8,357;9,404;9,307;6,755;8,599;4,665;9,597;8,555;7,639;4,715;3,527;5,716;4,527;4,924;6,169;7,073;3,099;4,614;5,201;4,603;8,663;5,587;7,672;7,740;7,200;6,661;5,020;4,973;3,760;7,183;6,935;3,538;4,089;4,347;4,632;5,842;4,139;6,699;5,833;5,125;3,459;4,927;5,892;6,138;5,427;7,071;5,143;5,930;4,724;6,985;4,243;5,746;5,775;6,906;6,206;6,289;4,665;4,371;5,511;3,899;4,467;4,000;4,611;2,865;5,228;5,543;7,012;6,045;5,566;4,290;4,844;5,794;7,115;5,103;3,424;2,054;5,373;6,461;10,959;7,239;6,347;4,962;5,963;3,339;5,131;6,384;4,024;4,526;7,094;5,143;6,398;6,077;5,951;9,956;5,617;8,885;8,295;5,400;8,939;6,458;4,875;3,373;9,620;6,906;8,415;7,716;8,344;2,526;6,597;8,363;8,694;6,556;7,431;2,659;11,086;8,273;5,236;5,951;7,337;6,095;8,714;8,099;7,760;11,005;7,162;8,028;4,549;9,199;4,618;9,331;5,884;10,635;11,911;11,826;8,787;5,561;5,474;11,249;4,681;4,490;9,880;8,162;5,010;9,848;7,382;8,496;5,315;12,282;4,503;7,765;8,818;14,025;4,158;13,454;7,567;7,045;8,787;8,838;9,994;4,810;
270;9,752;6,251;15,717;7,946;5,580;6,161;8,211;5,022;6,582;8,633;8,661;5,065;4,181;12,801;28,764;85,271;227,335;448,673;634,576;725,307;675,652;471,442;256,233;102,034;40,231;11,983;10,567;8,665;6,292;9,533;6,943;5,278;4,766;4,695;7,112;5,277;5,188;4,743;4,639;3,997;7,298;13,785;17,741;35,935;46,551;61,689;64,261;63,387;56,569;40,553;26,475;15,424;8,927;6,387;3,790;3,654;4,564;4,871;3,198;4,535;4,387;6,585;4,348;3,794;5,840;3,893;4,410;5,532;5,565;4,067;5,592;4,591;5,117;5,691;7,152;8,696;4,921;7,408;8,160;10,835;9,523;8,115;11,058;8,608;7,621;9,271;8,531;8,915;10,930;10,252;9,544;9,145;8,339;8,361;7,518;8,755;6,643;8,337;7,747;9,117;10,253;9,298;9,033;5,340;8,333;7,986;5,775;7,657;7,734;8,347;6,702;7,767;7,243;6,893;6,996;7,259;6,304;8,134;5,609;7,583;6,089;7,935;6,463;6,019;7,021;7,858;5,221;6,557;6,431;6,325;7,976;7,112;6,574;6,110;7,616;7,003;8,639;6,768;5,833;7,236;7,484;5,907;9,195;7,238;8,050;10,475;9,383;10,179;9,241;7,935;11,190;10,700;8,624;10,858;12,167;14,840;12,794;10,635;15,161;14,128;18,233;18,834;18,974;21,089;20,724;23,386;24,576;23,753;25,175;26,341;27,848;30,245;27,613;32,175;30,670;35,024;35,817;34,548;36,194;36,183;38,050;39,124;41,550;40,964;45,164;42,836;45,646;47,552;45,255;42,777;44,508;48,179;48,536;47,891;47,328;48,905;48,705;48,736;48,981;46,969;48,587;52,925;50,606;50,987;52,955;48,240;51,159;51,063;56,629;47,023;51,895;49,586;49,711;51,891;50,898;50,087;50,906;50,764;51,453;49,479;44,862;44,369;48,442;48,507;47,180;46,446;41,108;42,109;43,091;46,940;42,187;46,456;40,811;41,874;41,517;39,587;38,033;40,786;36,487;42,151;39,409;32,173;36,949;39,067;37,052;38,650;31,055;35,343;34,711;32,807;31,765;28,319;25,740;28,646;27,836;29,934;31,291;26,091;26,581;28,545;26,783;27,618;25,983;26,296;25,944;24,799;25,167;25,293;25,792;23,568;18,913;21,869;18,350;21,762;21,467;19,354;20,236;18,396;15,722;19,260;18,185;17,241;18,584;20,883;27,217;38,502;64,422;86,464;113,240;127,199;134,058;121,139;95,880;68,642;45,750;30,439;19,823;12,948;12,804;12,172;12,064;10,409;11,565;12,496;8,775;10,455;10,160;9,453;10,500;7,162;9,914;8,702;10,307;9,812;9,336;11,283;9,328;9,785;6,917;8,031;9,301;9,212;6,426;6,193;4,996;7,192;5,652;6,954;5,798;7,543;6,606;7,698;3,947;7,805;8,267;6,977;7,699;10,135;10,373;8,461;12,544;11,750;13,317;17,719;16,210;17,339;16,878;15,179;10,982;13,916;8,027;7,666;7,644;6,333;5,940;6,936;4,137;4,567;5,294;4,304;7,003;7,785;4,989;3,805;7,420;3,911;2,935;6,166;5,854;4,917;4,269;4,431;7,790;2,856;5,954;5,964;4,613;3,667;5,894;4,269;3,926;5,906;6,359;5,413;5,425;2,861;4,925;2,735;5,738;4,637;2,729;4,258;3,420;2,370;5,252;4,704;4,859;3,595;3,993;4,182;6,698;4,960;5,583;4,835;4,953;6,162;3,943;3,570;3,982;5,806;3,802;6,440;3,831;5,077;4,029;3,573;3,905;2,982;4,783;4,976;7,292;5,588;6,916;4,749;4,493;3,923;3,497;6,460;5,418;4,140;7,155;4,207;3,639;4,939;5,045;7,860;3,347;6,652;6,126;7,811;4,668;5,255;5,364;4,841;2,782;6,861;4,575;5,190;7,814;6,959;7,318;7,070;5,070;6,626;6,258;3,750;4,122;5,322;7,423;4,320;7,197;4,798;4,793;5,263;4,126;3,750;5,105;3,258;6,837;4,211;5,652;9,385;10,859;6,783;7,149;2,716;5,789;11,435;9,050;3,993;8,031;6,543;3,962;4,651;6,536;4,621;8,230;6,009;6,909;10,417;10,000;6,787;6,306;10,051;11,315;8,875;7,383;11,498;9,944;5,387;8,288;
275;8,587;6,794;7,181;7,609;6,679;5,366;3,143;4,431;2,924;4,950;6,912;3,996;4,669;5,867;5,822;2,857;3,356;6,148;8,216;29,472;100,943;206,876;395,909;582,329;675,293;567,969;365,114;205,625;71,842;21,289;9,585;5,300;3,851;3,422;6,120;2,804;4,986;3,739;5,887;5,349;5,342;5,355;6,839;3,051;5,633;5,155;6,146;11,566;18,969;27,261;46,122;58,042;64,484;60,298;48,643;31,708;20,423;14,101;6,227;6,839;4,312;5,589;4,603;3,521;5,367;4,648;3,220;5,251;4,709;5,075;4,267;4,870;6,141;5,202;5,787;6,323;6,869;9,518;8,091;7,476;7,576;7,947;7,699;7,272;8,452;9,049;9,726;8,209;8,752;8,176;9,103;8,923;10,029;6,963;8,817;7,973;5,410;7,912;8,021;7,252;8,332;8,820;6,958;8,160;8,080;7,781;7,753;7,960;7,002;8,401;6,463;8,547;7,311;8,996;6,501;5,379;6,857;7,277;8,204;7,153;7,676;8,398;6,678;6,823;7,139;6,498;7,269;6,957;6,257;7,391;6,834;6,902;6,519;7,694;6,609;7,690;6,860;7,553;7,455;7,112;8,023;7,203;9,056;9,858;10,101;8,967;9,242;9,377;9,213;8,325;10,499;8,694;11,261;11,248;9,963;11,360;13,607;14,471;13,637;16,752;15,236;16,063;16,068;16,657;17,725;18,674;17,530;19,525;20,878;19,808;23,247;22,911;24,077;24,814;28,021;21,871;23,277;24,597;25,514;26,562;26,655;32,732;31,400;29,924;28,495;32,649;31,450;34,876;32,946;34,449;31,669;30,239;32,646;36,433;30,683;36,192;38,419;37,892;35,498;38,498;36,694;42,177;34,921;40,871;37,772;40,469;36,394;39,362;38,048;38,331;39,383;39,640;39,630;35,213;39,133;37,681;35,677;37,881;36,837;40,336;35,784;35,744;37,359;36,642;35,874;30,647;32,638;36,066;33,433;33,445;27,810;32,218;31,530;33,316;32,344;30,960;29,338;30,654;30,149;28,253;30,430;31,236;27,451;30,251;26,376;29,575;30,507;26,643;22,842;21,639;24,112;23,961;22,773;25,171;23,682;22,955;24,103;21,711;19,076;19,108;18,433;18,545;19,903;21,384;20,386;19,052;19,145;17,848;17,723;16,520;17,030;17,213;17,106;18,661;14,982;16,867;13,691;12,373;16,798;15,289;14,865;14,050;13,012;12,801;13,734;12,736;11,587;11,271;14,682;11,842;11,372;11,684;12,755;17,487;25,656;42,600;56,851;80,948;104,960;115,678;114,432;97,916;82,086;56,555;32,468;24,848;12,838;10,618;7,382;7,691;9,821;6,575;10,860;9,616;7,834;6,744;6,855;8,116;6,404;9,823;7,948;9,146;7,965;5,342;6,725;8,323;4,140;6,243;5,283;5,466;6,931;4,284;5,084;4,774;6,203;7,310;4,443;4,989;5,477;5,609;2,597;5,028;5,757;5,457;5,884;7,201;4,724;5,607;6,605;7,432;7,431;9,863;14,609;12,315;11,356;14,570;11,207;13,251;14,705;12,783;11,609;7,488;8,990;6,917;6,210;3,875;4,415;5,413;3,452;4,313;5,080;3,195;4,290;3,432;4,873;4,517;3,283;4,059;5,458;2,171;3,771;3,781;3,395;2,775;5,949;4,295;4,888;4,178;2,073;6,013;6,006;5,021;2,798;4,952;4,173;4,824;3,883;6,156;1,505;4,789;4,754;4,580;3,710;3,818;3,348;3,156;5,557;5,401;6,072;5,003;4,045;3,936;5,413;4,135;3,283;4,402;3,833;4,767;4,638;5,229;2,949;6,119;6,080;4,468;4,488;4,161;6,555;5,193;3,672;4,494;5,766;7,209;5,097;6,081;5,976;2,701;5,637;7,788;3,950;4,052;7,515;6,662;7,685;6,999;5,021;4,389;4,910;8,003;6,623;6,337;7,408;4,122;5,448;3,305;5,431;6,635;8,457;6,042;2,490;5,582;6,944;6,654;3,519;5,533;6,492;5,811;6,193;5,771;6,978;5,176;5,039;8,033;7,725;6,088;5,363;7,404;7,044;5,436;5,914;4,363;10,039;10,488;6,372;6,049;4,107;6,476;5,311;6,284;5,930;6,563;10,992;7,491;6,938;3,729;4,693;5,794;2,236;3,415;8,401;8,001;9,877;
280;7,113;7,707;5,573;8,390;5,939;6,345;3,604;4,802;4,132;3,394;6,757;2,380;3,431;5,733;0,748;3,733;2,822;0,716;3,965;2,945;4,696;4,818;1,746;5,891;20,456;75,384;201,393;351,170;504,280;583,732;501,389;319,947;157,775;59,944;25,792;9,602;6,468;5,931;3,077;5,006;3,596;5,403;3,448;5,240;5,334;3,897;5,355;3,069;3,536;2,651;5,797;4,829;8,908;10,094;17,235;25,156;38,089;42,717;57,358;46,818;44,755;29,195;21,036;15,246;7,793;7,618;5,826;4,834;5,754;5,171;5,199;5,833;4,745;5,179;7,104;8,741;8,435;6,623;6,447;6,840;10,167;7,866;10,531;7,754;8,729;11,083;9,169;8,069;10,354;9,264;6,764;10,768;9,482;10,397;8,315;8,291;9,342;8,552;10,383;8,271;8,905;7,694;9,894;9,523;8,167;9,040;8,501;8,639;6,748;7,985;7,936;8,340;8,919;8,622;7,724;7,600;9,132;8,438;8,657;7,680;8,169;8,580;8,558;7,249;7,990;8,483;6,776;8,287;9,704;7,518;7,934;8,831;9,698;7,597;8,569;8,184;8,770;7,607;9,110;9,701;8,408;10,180;10,026;9,430;9,588;8,596;7,660;7,830;9,985;11,318;11,377;12,001;11,109;10,504;11,288;11,077;13,858;13,168;12,474;12,008;11,436;15,950;14,627;14,442;14,860;15,543;16,207;16,078;18,244;18,168;20,426;20,107;17,826;21,089;20,079;21,970;21,722;24,331;21,610;22,460;23,201;26,241;23,567;24,804;26,101;23,199;24,112;25,178;25,595;27,815;26,664;30,077;27,025;27,093;29,610;28,630;28,616;29,956;29,403;29,724;30,697;30,922;28,402;29,926;30,634;28,957;29,443;29,768;28,603;30,804;29,361;28,329;26,321;28,472;30,741;29,462;30,364;28,274;27,331;25,981;27,673;25,892;29,457;27,588;28,093;26,841;25,782;27,724;27,852;25,258;26,652;21,929;22,664;24,240;22,513;22,820;26,261;23,021;22,340;22,671;23,389;22,513;23,706;20,493;21,019;19,415;19,958;19,072;20,855;18,360;16,690;21,406;16,195;18,646;17,204;17,304;17,662;15,303;18,675;13,802;16,447;15,830;14,663;16,817;16,317;14,332;13,234;15,123;15,235;15,203;12,072;11,303;13,522;12,423;12,380;10,773;10,752;11,733;10,465;12,212;12,051;9,792;11,372;9,213;10,720;8,870;11,138;10,839;10,501;7,509;8,089;9,246;8,986;8,557;7,924;6,764;5,977;7,519;7,926;6,192;9,300;8,190;13,128;14,331;20,320;32,793;58,271;80,389;105,265;105,397;104,001;91,716;63,396;54,126;31,119;12,813;7,895;7,224;6,163;5,666;4,681;6,341;4,419;5,929;5,563;6,835;6,479;4,170;4,334;5,683;6,100;4,674;4,386;4,769;4,025;5,286;5,343;4,877;4,564;3,466;5,572;3,965;3,187;4,170;3,702;5,970;3,848;2,989;3,836;3,113;5,448;4,207;4,693;2,965;3,912;3,869;6,157;6,331;4,946;5,825;4,176;7,537;8,659;9,375;9,804;11,491;12,035;11,439;11,830;11,693;10,262;9,235;9,326;8,513;8,050;8,133;5,994;4,118;4,317;3,928;3,359;2,124;3,402;4,179;3,155;3,312;4,487;3,619;3,810;3,571;3,327;4,694;4,722;4,039;3,333;1,223;3,635;3,281;5,279;4,921;5,732;5,630;2,490;3,864;4,725;4,166;4,831;4,823;3,760;3,705;1,679;3,307;4,530;3,187;3,615;4,102;3,443;4,034;3,213;4,709;3,914;5,190;5,151;5,100;4,713;5,698;4,444;2,295;3,903;4,680;6,252;4,327;6,504;6,656;3,644;5,326;5,287;3,894;4,739;5,037;5,275;6,695;5,561;3,933;5,142;4,597;5,744;3,687;6,082;5,982;5,633;5,401;5,976;4,203;7,422;2,223;6,322;6,216;4,325;5,354;4,609;7,810;3,890;2,725;5,398;6,796;5,630;4,895;3,981;3,451;5,813;10,546;7,462;2,296;4,721;4,664;6,588;7,586;5,217;5,431;5,863;4,856;3,406;5,661;11,366;5,238;5,562;5,513;4,527;2,210;8,394;5,288;5,436;6,477;9,946;3,265;7,158;8,705;7,271;6,378;5,680;
285;5,165;5,670;7,180;5,343;4,075;5,519;4,769;3,667;8,265;5,504;2,406;6,278;3,028;5,127;2,587;2,702;3,903;4,132;1,626;2,243;3,459;2,549;2,053;2,164;2,138;2,402;3,168;2,334;3,518;17,468;44,872;135,961;289,409;415,848;513,010;461,800;343,990;187,040;66,906;21,954;6,512;5,879;3,734;3,458;2,656;5,475;2,185;4,851;3,528;3,034;4,382;2,021;5,054;3,160;4,272;2,281;3,156;3,611;4,736;6,798;11,676;19,534;33,413;40,516;47,808;43,868;47,194;35,316;26,760;12,868;10,630;7,840;6,979;7,061;7,967;4,987;5,448;7,977;7,272;8,269;6,751;8,787;10,134;8,648;8,903;8,554;8,433;8,632;10,715;6,758;9,999;10,319;7,999;9,620;9,234;10,288;9,522;9,174;9,517;11,339;10,107;10,757;9,697;8,047;9,672;8,997;8,741;9,046;9,132;10,521;10,017;9,262;8,839;8,943;9,181;9,255;9,074;9,945;8,466;6,825;9,019;8,475;9,760;9,463;8,533;7,975;9,673;9,715;10,303;9,421;8,904;8,181;7,683;8,811;9,231;8,814;10,512;9,128;8,904;7,404;7,775;9,781;11,256;9,929;11,507;8,902;10,395;10,788;11,522;10,124;11,074;11,077;12,495;13,933;13,926;14,185;12,670;14,467;15,950;15,031;14,558;13,564;16,235;16,062;16,160;16,213;15,716;19,386;17,690;19,224;18,918;18,299;20,755;17,964;18,512;21,630;19,350;19,903;19,480;22,325;21,424;23,789;22,513;25,921;22,895;23,412;20,041;23,751;22,234;23,797;23,928;24,238;24,085;24,805;24,288;24,654;26,048;23,978;25,622;26,750;27,827;24,595;25,472;26,233;24,457;29,038;25,492;23,737;22,749;27,246;23,873;21,830;22,671;25,628;22,093;24,269;23,001;23,122;22,170;24,008;24,958;23,461;21,561;23,397;22,497;21,705;21,431;21,812;21,191;19,241;20,853;22,532;20,168;19,851;19,714;18,528;18,190;17,374;18,592;19,854;17,896;18,892;16,431;17,271;15,187;16,355;15,271;14,889;15,190;14,897;16,949;14,072;14,372;14,046;12,096;15,470;17,495;12,853;13,641;13,564;12,853;15,951;11,940;12,298;12,838;14,103;11,332;10,708;11,115;9,266;10,531;10,303;11,526;9,579;7,549;11,384;8,230;8,375;9,407;8,833;8,998;5,514;7,579;9,510;9,491;7,377;6,485;7,413;6,850;7,785;8,201;7,892;6,480;6,271;6,565;8,334;6,670;7,460;7,652;5,993;4,477;7,868;5,736;5,951;4,815;4,323;5,067;4,805;6,069;6,004;4,288;4,728;7,231;6,934;14,598;25,665;39,102;61,161;79,189;96,321;86,143;89,171;71,087;44,756;34,621;20,522;11,963;6,111;5,385;5,152;4,383;4,133;4,719;4,717;4,140;5,055;4,744;3,534;3,534;4,827;2,689;3,802;3,093;5,539;3,802;2,599;3,713;3,093;4,661;3,521;2,790;3,309;3,308;2,320;3,614;3,309;4,067;3,425;3,421;1,304;3,503;3,234;2,777;3,067;4,049;2,268;2,947;4,412;3,037;3,135;4,719;6,260;4,088;6,556;6,257;7,775;7,439;8,134;10,050;11,716;9,257;10,740;10,318;8,980;10,489;6,910;7,369;6,444;6,396;4,231;3,625;5,729;4,558;3,510;1,792;5,713;2,840;3,106;3,251;4,230;3,566;5,420;4,559;2,805;4,312;2,852;3,578;3,712;4,049;4,663;4,357;4,507;3,012;2,884;3,797;3,105;3,543;4,973;5,561;3,981;2,896;3,498;4,516;4,979;4,432;3,982;4,173;3,944;3,643;3,364;3,067;3,505;5,238;4,884;3,270;5,697;3,112;3,840;1,468;8,621;3,018;5,730;5,538;3,194;6,252;3,611;5,286;8,248;4,821;5,539;6,517;5,456;4,424;6,541;5,279;4,664;4,380;7,601;6,886;7,021;5,584;5,808;6,591;4,750;5,906;7,917;5,027;6,710;7,498;5,256;5,049;4,832;7,375;4,651;5,128;7,716;6,666;5,108;3,998;6,270;8,264;4,515;8,901;8,329;8,760;4,916;7,359;4,571;5,452;5,172;4,935;8,410;5,995;5,838;7,074;9,323;4,953;4,065;5,016;5,498;6,484;
290;5,207;6,026;4,799;4,012;7,608;1,788;5,509;3,875;3,314;5,832;4,179;2,954;3,445;2,756;3,344;2,208;1,480;3,951;2,641;2,299;2,067;4,067;0,914;2,744;2,013;0,313;3,106;2,722;1,642;2,056;1,727;2,397;1,695;3,660;12,953;52,396;143,075;254,413;417,918;458,022;410,614;269,315;135,163;53,533;16,540;4,149;3,698;4,647;3,036;3,092;2,982;2,836;3,584;3,976;2,450;3,119;3,191;2,118;2,000;2,995;2,022;2,768;2,638;4,668;3,736;9,280;13,272;21,497;27,589;40,897;42,138;40,423;38,745;34,149;21,207;16,767;10,698;10,380;9,801;7,849;8,097;8,252;7,516;9,408;7,806;9,728;9,248;8,591;9,564;10,717;8,888;9,214;12,354;9,299;10,446;9,788;9,836;9,242;8,128;9,305;8,601;8,594;9,759;8,977;8,577;8,046;8,587;7,847;10,052;7,577;7,100;7,850;8,804;8,729;9,107;8,828;9,915;9,044;8,601;9,636;8,512;8,661;9,053;10,066;9,589;9,980;10,223;10,952;9,440;9,862;9,616;10,202;9,590;10,413;8,414;9,397;11,375;10,532;11,541;12,165;9,970;11,135;11,480;11,371;11,771;11,463;10,707;10,900;11,377;11,434;11,045;12,014;10,164;12,679;15,179;15,930;13,345;16,442;14,510;16,109;16,462;16,870;18,252;18,188;18,782;18,130;18,827;18,598;18,496;18,628;19,104;20,702;20,879;20,781;22,381;21,327;23,034;21,468;24,280;21,695;21,407;23,413;24,813;22,501;21,048;23,291;27,324;23,662;23,411;23,468;25,903;25,864;23,909;27,430;25,341;24,461;23,998;24,497;23,539;25,345;23,076;24,573;25,679;23,879;22,696;24,006;24,966;24,861;24,478;23,328;22,637;24,025;23,999;23,361;23,334;24,664;25,966;21,253;22,577;21,126;21,532;23,451;21,650;21,362;19,128;22,215;21,248;18,862;19,976;18,945;20,449;17,762;19,266;19,884;17,279;17,776;16,271;17,982;17,196;15,403;17,645;16,389;16,453;14,869;15,341;16,402;16,312;15,341;16,284;13,994;12,757;13,532;12,715;14,825;12,561;13,141;11,759;12,231;12,100;12,828;11,849;13,165;10,544;11,936;10,942;12,036;11,640;11,311;10,959;10,449;9,511;10,695;9,118;10,970;9,571;8,771;9,375;7,527;8,389;7,294;8,193;7,001;9,167;8,060;7,724;7,294;6,657;6,248;6,425;7,029;6,496;8,198;6,644;6,779;6,545;6,815;5,677;6,609;6,084;6,383;6,580;5,975;4,629;6,873;4,647;4,361;5,743;4,611;3,677;5,505;5,349;5,381;4,675;3,578;4,906;3,853;4,756;4,440;4,817;3,291;2,555;4,902;7,534;10,913;19,005;32,366;44,717;59,483;71,977;80,976;79,830;71,415;53,888;35,941;26,229;13,736;5,343;6,319;3,130;2,431;4,151;2,990;3,145;3,617;3,347;3,122;3,669;3,731;2,550;3,951;2,696;3,187;3,086;3,032;3,633;1,725;2,804;3,452;2,190;2,320;4,924;2,294;2,950;2,065;2,612;2,506;2,528;3,365;1,796;4,593;3,964;2,851;1,795;3,220;3,844;2,663;3,467;1,998;3,854;2,808;2,331;4,084;2,957;3,934;4,470;3,949;4,794;7,071;5,945;6,296;10,982;9,370;9,604;9,528;8,948;8,494;6,558;5,882;5,514;5,798;5,527;3,439;2,250;3,558;3,452;4,641;5,876;3,838;3,354;3,796;2,095;4,644;4,113;3,322;3,445;4,348;4,966;2,908;4,686;2,743;3,030;4,245;3,908;3,566;3,740;3,447;4,301;2,690;4,126;4,219;5,482;4,725;5,971;5,221;3,737;4,593;5,900;2,832;4,375;4,162;2,569;2,260;4,621;3,523;4,072;4,132;5,245;2,167;5,496;4,443;5,569;3,445;4,787;5,244;4,976;3,882;5,546;5,564;3,387;5,735;5,084;5,267;1,583;2,981;6,366;6,737;4,320;5,079;7,233;5,660;4,818;7,655;4,770;5,640;10,192;4,539;3,605;3,380;5,609;5,137;4,610;3,083;3,338;5,838;4,212;6,493;3,936;8,672;6,143;4,492;5,246;6,833;5,228;6,860;9,187;3,853;6,559;6,097;5,631;8,797;8,514;
295;3,090;3,438;4,776;3,186;3,679;4,203;1,419;2,255;1,855;2,684;3,597;3,319;2,864;4,759;2,094;1,312;2,489;2,163;2,948;2,978;2,369;2,303;2,159;2,413;2,067;1,115;2,418;2,147;1,500;3,584;1,364;0,886;1,085;2,665;1,095;2,721;1,877;2,051;4,219;11,081;39,701;113,016;218,373;334,888;404,526;346,341;241,258;120,812;44,713;15,843;5,449;3,853;2,974;2,217;3,867;1,331;2,111;2,166;3,074;3,117;2,583;1,851;2,081;2,018;2,959;2,035;3,217;3,917;3,439;4,062;5,187;8,397;12,241;15,873;25,671;32,523;41,373;42,158;38,057;36,225;25,283;17,825;10,808;9,822;10,119;9,743;8,251;9,285;9,635;8,695;7,718;8,340;9,265;9,217;8,918;8,665;7,633;9,470;9,414;9,742;9,423;8,587;8,083;9,388;8,832;9,594;8,428;10,177;8,684;8,452;9,830;8,640;9,822;8,306;9,790;9,135;10,262;9,671;8,660;9,523;10,590;8,014;7,710;10,270;8,777;9,916;9,158;9,732;9,547;8,939;8,864;12,203;10,330;9,660;9,265;9,623;9,802;9,723;9,828;8,793;11,096;11,513;12,453;10,922;11,966;11,644;11,740;12,973;13,134;12,497;14,283;14,967;14,877;16,127;17,925;17,805;17,540;17,843;17,024;16,834;19,876;20,183;21,162;19,448;21,883;21,325;20,667;23,007;22,233;21,488;22,129;25,683;22,824;23,511;25,892;25,025;24,244;27,087;27,836;23,973;25,372;26,534;26,522;27,336;25,357;26,281;27,399;30,034;25,997;27,685;29,671;29,631;29,432;27,656;28,796;28,913;25,566;30,151;29,996;29,030;29,854;27,489;28,684;30,741;28,432;26,808;27,511;28,093;28,722;27,999;28,673;26,299;27,168;26,720;28,807;28,707;28,127;27,848;26,676;25,113;25,399;25,193;26,265;25,534;24,931;23,486;22,624;23,554;21,513;22,533;20,056;21,285;23,771;20,598;21,579;18,334;19,851;17,930;21,286;19,533;17,960;19,734;16,174;17,318;18,550;18,502;15,282;17,094;17,397;16,246;15,547;14,694;15,360;14,795;14,311;14,139;13,538;14,481;13,560;14,428;11,931;13,662;11,657;10,641;12,504;10,961;10,129;9,882;11,004;11,415;9,520;9,563;8,727;10,415;9,680;8,604;9,476;8,602;10,067;8,714;8,581;8,719;7,645;7,538;8,043;7,673;7,140;7,188;8,021;6,948;8,182;6,709;5,911;7,346;7,075;4,747;6,691;6,341;5,286;5,072;4,437;5,815;7,025;4,653;5,321;4,652;4,433;5,502;3,973;5,979;4,523;5,190;4,859;3,851;4,808;3,342;4,333;4,103;3,418;2,185;4,404;4,155;3,765;4,248;3,763;3,487;3,148;2,720;3,703;3,786;3,492;2,596;4,459;6,112;12,368;23,727;32,386;47,981;64,128;67,432;69,985;64,073;53,520;32,856;20,711;13,703;4,395;5,071;2,156;2,854;1,706;3,770;3,782;4,598;2,978;1,616;2,546;2,739;3,039;2,883;3,400;1,479;2,831;2,467;3,051;2,044;5,045;3,642;3,691;3,178;3,344;2,418;2,510;2,029;2,117;2,647;3,157;3,153;2,355;1,834;2,913;1,831;1,903;2,761;3,722;2,873;2,527;1,947;3,176;2,782;3,488;2,490;2,619;3,774;3,738;4,586;3,472;4,406;4,806;4,811;5,525;6,210;6,725;8,133;8,996;7,517;7,585;9,026;8,085;6,174;7,543;5,473;4,944;4,755;5,126;4,044;3,938;4,040;3,413;3,275;2,632;5,480;4,600;2,517;2,452;4,490;4,921;2,836;3,146;4,890;5,492;3,651;3,454;4,288;5,983;3,610;3,987;3,854;4,541;3,898;3,503;4,517;3,308;5,416;3,888;5,529;5,765;4,022;3,410;5,086;4,386;4,510;6,000;3,759;5,854;4,726;6,224;4,635;6,428;6,527;4,502;5,591;5,496;4,025;3,845;5,136;7,292;4,621;2,879;5,245;5,023;5,009;5,646;7,641;5,501;6,360;3,814;4,679;6,231;4,758;4,093;6,620;4,188;3,664;4,241;4,779;3,607;6,484;4,208;4,447;5,559;6,135;5,303;3,188;8,276;7,394;6,345;8,812;6,993;8,488;6,537;
300;3,208;5,406;4,389;3,881;3,619;3,204;3,249;3,053;2,161;3,831;2,625;2,658;3,174;3,647;1,102;2,978;1,502;2,605;2,086;1,786;0,596;2,141;1,745;2,702;2,028;1,338;1,981;1,824;2,260;1,533;1,743;1,536;3,281;1,730;1,609;1,264;0,779;1,116;1,465;1,200;2,204;1,351;1,537;1,792;7,738;27,922;78,722;189,712;287,897;343,283;314,272;204,195;110,101;40,377;12,075;4,551;2,257;3,215;3,229;3,290;2,584;1,551;2,909;2,434;2,538;2,757;2,474;4,024;2,731;3,066;3,870;3,550;4,459;3,973;4,487;6,002;6,335;8,537;11,445;15,548;20,854;26,301;33,876;35,064;34,303;30,561;26,552;20,254;13,409;11,144;8,824;7,076;7,991;6,137;9,464;9,513;9,432;8,500;9,100;7,023;9,090;8,015;7,572;7,628;7,856;8,006;7,364;8,764;8,856;6,261;8,713;7,796;7,786;7,821;7,866;8,930;9,646;8,997;8,196;8,226;7,725;10,254;9,505;9,836;9,408;10,843;10,427;9,242;8,954;9,254;10,321;9,746;11,590;9,896;11,228;10,239;11,650;10,592;11,733;11,993;10,131;12,049;14,201;11,772;13,023;12,156;13,946;13,012;14,471;13,944;14,954;14,428;15,108;17,776;18,477;17,694;19,107;19,388;20,864;20,575;21,056;21,018;24,338;23,203;23,944;24,070;25,286;24,309;26,345;29,547;28,228;30,205;30,517;31,990;31,642;29,646;33,300;31,086;31,554;31,944;32,447;31,413;30,832;33,841;35,285;31,939;34,679;35,779;33,667;35,847;34,835;34,711;36,317;33,341;36,080;37,914;35,138;33,520;35,705;35,690;34,384;35,886;36,841;35,437;34,419;33,584;33,791;36,420;36,255;32,776;33,603;33,365;32,303;35,773;33,567;34,131;31,625;29,789;32,797;31,417;32,158;30,280;28,596;29,209;29,500;27,259;29,302;29,599;29,204;28,590;25,204;24,461;26,587;26,087;25,083;24,892;22,697;23,664;23,975;23,828;23,147;23,963;19,639;20,921;23,945;19,019;19,676;19,159;19,451;18,063;17,608;17,751;17,449;17,965;15,434;15,295;16,313;14,755;15,317;14,046;13,834;14,628;13,536;13,735;15,054;13,280;13,829;11,948;12,504;14,180;12,873;11,541;11,622;10,895;11,981;8,755;11,466;11,058;11,809;10,687;10,825;8,062;8,527;9,984;9,502;8,341;7,337;8,949;8,193;8,361;8,999;6,456;7,224;6,946;5,204;6,838;7,189;5,693;7,521;5,534;5,057;5,418;6,882;6,111;6,716;5,494;5,793;5,112;5,492;5,142;4,735;4,189;5,855;5,229;5,855;3,662;4,490;4,238;3,932;3,934;4,120;4,236;4,440;3,170;3,783;4,219;4,129;3,563;4,506;3,788;4,225;3,687;3,497;3,736;3,128;2,637;2,583;3,569;4,876;2,944;3,051;3,304;3,837;6,985;9,039;16,970;25,603;40,170;49,512;61,501;64,313;53,999;46,318;30,430;23,094;12,830;8,157;3,821;3,611;3,249;2,909;3,866;2,256;2,605;1,759;2,118;2,589;2,582;3,322;2,596;2,327;2,026;1,976;3,658;3,091;2,772;2,605;1,285;1,819;1,895;3,654;2,441;1,147;2,310;1,627;1,203;1,492;3,013;2,404;3,795;2,788;2,248;2,499;2,957;2,504;3,351;2,237;2,716;3,799;2,003;2,951;2,084;2,181;2,449;2,433;3,092;3,252;3,247;2,969;3,869;5,789;4,092;6,468;6,340;6,801;8,008;6,177;7,109;8,315;8,099;8,632;6,353;6,134;6,147;5,227;5,516;5,526;5,351;3,606;3,899;3,608;3,028;2,941;3,117;2,973;3,752;4,275;3,849;3,605;3,140;3,161;2,795;4,570;4,292;2,597;4,450;3,352;6,038;4,630;3,574;3,503;3,378;1,778;4,842;3,478;5,392;4,109;2,964;4,291;4,718;5,243;4,995;4,678;3,512;5,532;3,849;3,280;5,337;4,357;5,711;5,171;2,682;3,657;5,398;3,181;5,280;3,545;6,615;3,467;4,137;4,179;6,345;5,439;6,546;6,073;3,966;5,674;2,807;6,927;6,036;6,371;5,102;4,168;6,855;5,012;5,076;5,399;8,916;4,896;4,484;3,727;
305;7,006;4,677;1,075;3,498;2,092;4,560;2,805;3,683;2,251;2,898;0,838;3,168;2,440;2,020;2,487;1,752;2,173;1,117;0,418;2,328;1,532;2,121;2,022;2,028;2,369;1,197;0,560;2,043;1,369;1,377;2,062;1,633;1,481;1,859;1,644;1,057;1,246;1,239;1,470;2,416;1,314;1,743;1,108;1,845;0,786;1,127;1,108;2,199;3,516;5,509;27,462;85,754;169,637;264,084;315,987;292,699;181,127;90,819;34,673;10,082;3,906;2,076;2,948;1,787;2,611;2,113;2,407;2,698;3,177;2,954;3,115;3,668;3,939;3,693;4,748;4,671;4,861;5,394;4,862;5,838;5,832;5,490;5,580;7,794;9,159;14,743;19,618;25,903;29,560;32,931;31,336;30,335;22,966;18,033;14,306;8,416;7,840;7,401;7,002;7,698;7,094;7,568;6,342;6,848;5,278;7,499;7,681;7,621;7,089;7,719;7,025;6,765;7,114;7,276;8,247;7,767;7,719;7,734;9,050;7,040;8,143;8,098;8,963;9,729;8,777;9,511;9,345;9,382;9,705;10,153;9,482;11,265;10,292;10,745;11,077;10,911;11,397;11,169;11,951;11,240;13,335;10,219;11,516;13,909;13,648;15,004;15,409;14,992;17,867;17,193;18,329;18,449;20,311;19,851;21,737;21,992;21,391;24,286;23,149;25,202;26,331;27,493;28,148;27,724;29,209;31,096;33,206;35,184;33,653;36,815;33,845;36,948;37,318;37,702;39,545;39,120;41,586;40,164;41,356;42,300;43,252;45,104;42,051;43,460;43,918;45,654;45,029;45,848;46,757;44,124;43,944;44,970;45,057;46,574;47,753;48,441;48,486;46,191;48,295;48,524;45,761;49,571;49,677;48,858;47,990;44,911;43,420;42,202;47,299;44,789;44,916;44,192;42,382;42,181;42,029;43,009;45,144;42,924;38,446;40,619;39,006;37,387;39,018;38,507;36,782;35,821;38,623;37,498;36,874;34,700;31,973;34,706;31,559;29,885;31,277;32,649;29,667;30,987;30,998;30,054;30,316;28,586;26,294;28,215;26,683;27,179;25,018;24,020;24,539;23,311;22,873;22,619;20,054;23,727;21,972;23,748;19,978;19,512;17,698;19,400;18,545;20,110;16,310;18,652;21,377;16,270;15,543;16,767;15,788;14,541;14,727;13,830;13,665;13,461;14,076;13,592;11,257;11,389;13,403;14,100;12,142;11,719;11,165;9,508;11,889;10,590;9,192;10,413;11,509;9,417;9,667;9,504;8,988;9,060;8,439;8,693;7,784;9,027;9,270;7,265;7,722;6,564;7,375;6,535;7,208;6,178;7,396;5,750;6,471;5,426;4,629;5,552;6,028;5,665;6,830;6,127;3,570;6,418;4,653;6,070;5,500;4,579;4,382;5,948;3,883;4,434;3,877;3,888;4,549;3,665;4,181;3,968;3,755;4,416;4,005;3,422;4,449;3,341;3,931;3,517;3,639;3,470;2,953;2,960;2,751;4,056;3,306;3,591;3,082;3,334;3,306;3,360;4,187;7,999;11,637;18,882;29,888;39,475;52,364;59,146;57,541;46,053;39,344;29,840;17,277;9,283;4,222;4,051;2,720;3,127;2,522;3,431;2,884;3,383;2,785;2,054;1,904;1,781;2,708;2,253;3,400;2,827;2,441;1,515;2,415;3,940;2,271;2,973;1,414;2,412;1,485;2,577;2,485;2,548;1,796;2,188;2,049;2,366;3,219;2,025;1,676;2,279;2,331;2,870;2,765;2,126;3,092;2,387;1,921;1,049;3,854;2,602;1,467;3,039;3,081;4,107;3,345;1,790;2,921;4,006;3,242;4,227;4,107;4,430;5,177;5,729;7,859;5,208;7,474;8,115;5,851;7,857;7,867;5,331;5,773;4,368;5,636;3,142;4,934;4,315;2,715;3,530;3,619;5,749;2,381;3,465;3,611;2,137;2,430;3,911;2,925;4,836;4,670;4,619;2,853;2,930;3,848;2,897;3,112;3,947;4,455;3,685;4,656;3,000;3,419;4,500;2,578;3,784;2,986;5,398;5,819;3,870;2,807;3,195;4,792;4,267;3,172;5,581;5,434;4,775;4,199;4,710;5,629;5,241;4,624;6,438;3,749;3,486;7,532;4,285;5,049;4,851;5,024;5,911;5,529;4,722;5,461;3,625;5,010;3,769;4,743;
310;3,246;5,300;3,803;3,737;2,768;2,294;1,001;2,991;2,544;1,583;1,409;3,211;1,910;2,360;1,311;3,901;1,679;1,812;2,312;1,144;1,703;2,029;0,573;1,145;1,263;1,635;0,923;1,961;1,326;1,423;2,030;0,647;1,732;1,299;1,075;1,130;1,688;0,684;0,816;1,226;1,661;0,728;1,449;1,008;0,748;0,186;1,455;1,225;0,808;1,788;1,017;1,283;1,413;2,026;7,343;21,175;64,551;154,471;236,929;299,411;271,898;199,312;96,340;34,260;13,003;3,770;3,157;2,949;3,347;3,193;2,911;2,406;3,918;3,475;3,114;4,129;3,576;3,626;4,041;4,407;4,438;5,349;4,900;4,380;4,177;4,001;4,401;5,133;5,671;6,800;8,204;11,154;13,450;22,530;25,521;25,936;28,522;26,112;23,219;16,270;12,106;8,674;7,703;5,966;5,769;6,633;6,860;7,842;7,026;7,466;5,622;6,448;8,306;7,236;7,505;7,432;7,237;8,384;7,387;10,374;8,181;8,825;10,027;10,828;10,527;8,574;11,389;10,174;10,323;10,830;11,994;11,083;10,404;11,820;13,284;11,716;12,147;14,434;12,930;13,628;12,599;15,043;13,708;15,068;14,233;15,876;16,433;18,820;19,430;21,793;18,838;20,839;23,704;23,478;26,503;25,922;29,743;30,360;33,386;30,993;36,031;34,109;37,717;41,239;38,717;39,663;41,261;44,506;45,260;46,641;48,288;51,230;48,311;51,030;52,936;55,382;54,030;54,867;57,544;57,496;56,441;59,345;58,448;60,552;64,871;62,436;65,503;60,579;61,297;62,868;63,622;63,917;65,574;65,523;64,138;64,548;62,922;62,520;65,087;66,757;69,821;66,607;63,276;63,697;64,327;63,444;66,584;63,328;61,912;62,064;59,493;60,490;61,165;60,311;57,535;59,271;57,786;55,238;58,020;56,227;59,375;54,037;52,870;54,547;49,866;53,113;48,397;48,923;47,803;47,297;44,941;48,052;44,871;42,158;43,303;40,262;42,305;41,392;40,670;40,986;37,650;36,683;40,258;35,910;36,306;32,761;34,624;34,172;32,393;33,177;32,948;33,060;31,226;29,851;29,278;30,267;26,686;26,096;25,289;27,335;26,409;23,296;24,089;24,720;23,375;23,806;21,214;21,241;19,462;19,964;18,192;18,902;18,959;18,634;15,281;16,412;18,360;18,267;15,155;15,452;15,493;16,397;15,849;15,626;13,973;14,792;12,063;12,770;13,824;13,028;11,757;11,303;13,027;10,447;11,758;11,918;10,017;9,526;9,005;9,776;8,881;8,586;8,880;8,750;8,688;8,679;7,142;7,155;8,181;7,759;7,322;6,650;6,598;6,434;7,019;7,093;6,850;5,890;5,636;6,983;5,407;6,497;6,939;5,152;6,542;5,581;5,924;5,241;4,698;5,530;4,526;4,473;4,669;4,724;3,918;4,784;4,040;5,296;3,874;2,703;4,287;3,829;4,474;3,421;4,115;2,999;3,340;3,118;3,181;4,521;3,904;2,625;3,483;3,946;2,382;3,949;2,499;4,032;2,683;3,675;2,922;3,558;4,547;5,461;10,782;15,613;24,199;42,521;45,021;60,671;60,781;52,281;45,202;34,073;19,193;11,017;6,805;4,033;3,298;2,588;3,898;2,549;3,006;2,429;1,707;2,949;1,629;2,719;1,600;2,803;1,420;2,469;2,441;2,001;3,295;3,131;2,285;3,108;2,370;1,386;2,106;2,610;2,438;2,193;3,010;2,249;1,567;2,497;2,950;2,302;2,195;2,882;2,755;1,850;2,343;2,231;2,502;2,041;2,133;2,167;3,330;2,618;1,358;2,141;1,773;3,060;2,101;3,039;3,081;3,657;2,053;2,231;2,633;4,039;3,223;5,205;4,073;6,513;5,058;5,511;5,814;7,838;6,874;9,088;5,856;5,937;7,466;5,486;6,176;4,718;5,160;3,940;3,899;3,666;2,924;2,304;4,175;2,657;3,838;2,603;3,999;3,515;2,738;2,929;3,016;3,135;3,564;3,792;3,128;3,126;3,513;2,871;4,813;4,406;4,065;3,178;3,437;3,724;3,588;3,141;5,919;3,649;4,630;4,882;4,196;4,462;3,394;2,837;4,418;5,475;4,964;4,996;4,013;5,752;5,076;5,268;5,818;5,308;4,399;4,518;4,770;
315;2,426;2,212;3,878;3,901;2,088;2,141;2,249;3,505;1,604;2,322;2,209;1,553;1,239;2,006;0,846;0,697;0,785;1,406;2,433;1,943;2,349;2,328;1,390;1,640;1,314;0,796;2,234;1,635;1,264;1,973;1,682;0,977;2,404;0,864;1,459;1,331;1,071;1,333;1,627;1,239;1,102;1,376;1,721;1,121;1,546;1,152;1,688;0,500;1,104;1,834;1,164;0,588;1,251;1,143;1,612;1,622;0,915;1,736;1,203;4,528;20,159;59,075;133,036;252,735;304,323;298,289;198,860;99,588;39,547;9,546;4,082;2,530;2,601;2,562;2,293;2,593;2,308;2,745;2,183;2,879;2,731;3,157;2,568;2,809;2,957;2,823;2,955;2,675;3,172;2,443;2,737;2,750;3,680;2,618;4,026;5,129;5,548;8,954;11,758;15,473;20,639;25,800;24,194;23,211;18,781;15,925;13,451;9,073;6,435;6,978;6,923;6,318;7,514;6,648;7,708;7,418;7,653;6,930;8,613;9,001;8,298;8,868;9,096;9,629;10,242;9,881;10,007;10,717;11,235;12,259;10,780;11,723;12,738;12,542;12,979;13,335;14,032;14,825;15,382;14,585;16,129;16,756;18,502;19,262;19,019;18,222;19,948;22,731;22,991;22,132;25,140;28,484;27,109;31,975;30,713;33,911;34,348;38,918;38,015;41,036;42,972;45,895;48,796;51,042;49,889;54,314;56,095;59,040;61,724;61,743;66,962;61,953;68,055;67,626;71,599;69,942;74,166;74,654;77,402;78,776;78,186;76,232;77,372;77,945;79,975;82,245;82,596;84,999;85,658;82,876;83,639;83,393;86,942;85,046;86,899;87,578;86,790;85,594;87,009;86,381;87,938;89,867;85,109;86,541;87,564;82,577;85,392;87,367;81,234;81,515;81,725;83,234;82,042;82,100;79,761;76,276;76,354;76,332;75,605;72,557;73,321;69,876;71,561;71,756;68,948;69,638;70,314;68,010;67,134;63,774;63,096;60,102;59,090;57,373;59,634;57,246;56,260;55,777;54,095;52,105;50,811;53,318;48,793;46,621;47,027;47,097;45,998;44,067;45,293;42,252;41,145;40,752;39,850;39,101;38,021;36,239;35,968;33,961;35,861;32,086;32,754;32,321;30,795;31,755;31,216;28,803;29,916;29,009;25,682;26,710;26,321;25,582;24,611;24,210;24,438;22,106;21,108;23,658;21,218;19,308;18,700;20,141;19,524;20,249;19,166;17,458;17,499;15,348;15,294;15,625;15,891;16,326;14,196;15,052;11,867;12,726;13,247;13,897;12,875;10,619;11,310;10,864;10,646;11,157;11,145;11,471;9,936;9,361;9,108;10,245;8,446;8,529;9,642;8,399;7,903;9,250;7,823;8,591;7,217;7,851;7,945;7,470;7,475;7,024;6,330;5,092;7,262;7,019;5,618;5,926;7,229;4,670;5,794;5,396;5,934;5,513;5,686;7,323;4,616;4,874;5,757;5,071;4,403;4,962;4,309;4,769;3,345;4,357;3,162;3,952;4,377;3,382;3,400;3,351;3,644;2,623;2,872;2,894;3,559;3,150;2,943;2,262;2,562;3,110;3,307;2,885;2,999;3,009;3,387;4,265;2,575;3,644;4,339;7,660;11,544;19,320;28,405;37,009;48,312;53,105;58,502;52,277;46,163;32,824;21,578;14,373;7,153;3,162;3,326;2,677;1,698;2,280;1,872;2,563;2,416;1,542;2,372;2,270;2,421;2,073;3,071;1,243;1,742;2,607;2,927;2,276;2,696;1,862;2,008;1,864;2,508;1,947;1,687;1,540;2,110;2,382;2,307;1,268;2,130;1,815;2,492;2,435;3,219;1,524;1,655;1,468;2,606;1,947;2,893;2,572;2,343;2,984;2,427;1,629;2,618;2,652;2,024;2,503;2,481;1,711;2,601;3,259;2,744;4,123;2,345;3,320;3,637;2,480;4,918;5,123;3,283;6,796;5,102;5,670;6,757;6,753;5,828;6,001;5,393;5,743;4,878;5,121;6,311;3,809;2,802;4,330;4,027;3,614;2,819;1,448;3,683;3,163;3,652;3,925;4,721;2,088;2,464;2,157;2,833;2,706;5,092;2,434;4,797;4,991;3,480;3,586;3,823;3,105;5,746;4,308;2,932;4,784;4,934;4,426;4,804;4,743;3,326;3,239;4,845;5,375;5,413;
320;3,422;4,891;2,483;3,877;1,741;3,175;3,096;3,379;2,775;2,442;1,289;2,186;2,851;1,068;2,093;1,671;1,388;2,291;1,711;1,586;2,128;1,614;2,306;2,330;0,923;1,258;0,852;1,140;1,230;0,347;1,389;1,131;1,378;1,480;1,206;1,262;0,990;0,622;0,963;0,703;1,350;0,966;0,790;0,504;1,057;0,524;0,972;0,711;1,150;0,911;1,188;0,930;0,766;1,242;1,688;1,118;0,368;1,374;1,354;0,834;0,765;0,684;0,615;2,183;5,362;22,561;75,045;148,020;239,475;287,662;267,668;186,991;90,178;36,273;11,047;3,421;1,964;2,860;2,199;1,926;2,428;1,803;1,563;1,743;2,153;2,298;2,415;1,971;2,492;1,976;1,733;2,077;2,238;1,959;1,929;2,362;2,575;2,230;2,566;2,465;3,692;3,936;5,960;7,312;11,979;13,915;20,136;21,007;23,169;22,510;20,693;16,960;15,501;10,567;8,965;7,410;9,149;9,287;9,206;9,802;9,036;9,861;10,345;10,316;11,268;10,083;10,728;12,409;12,064;13,530;12,920;14,812;13,221;14,215;15,421;13,903;15,844;16,115;18,572;17,847;18,274;17,290;18,767;18,760;22,096;24,102;24,182;24,462;28,101;28,274;29,248;34,033;35,701;35,985;39,446;40,546;40,724;49,521;50,170;51,701;58,222;58,269;62,958;61,322;64,563;72,599;71,753;75,762;77,169;79,187;79,884;85,289;83,516;91,898;90,412;94,446;93,223;96,300;99,076;102,514;99,559;104,721;104,914;107,649;111,570;109,992;109,468;109,239;112,411;111,018;112,045;109,774;115,186;113,873;114,491;116,968;113,572;118,339;113,309;114,372;113,137;115,770;114,716;112,997;112,769;115,736;111,025;109,062;110,934;106,466;110,947;108,360;106,730;108,873;103,868;102,498;104,417;103,261;102,536;100,904;95,725;98,914;97,589;95,760;91,678;91,492;85,491;88,851;84,886;83,823;84,256;82,905;77,896;78,887;76,608;73,572;72,032;71,594;72,407;70,345;69,174;66,475;67,550;65,889;63,544;61,986;61,714;58,307;56,653;60,897;53,536;52,563;54,015;52,249;48,960;49,441;46,876;48,363;46,699;50,263;41,928;44,707;42,280;40,568;39,290;38,020;37,211;37,887;36,967;35,921;35,092;33,902;33,317;31,163;31,196;31,151;27,766;27,214;27,597;25,130;27,228;26,510;23,940;22,936;22,964;24,431;22,253;22,982;23,385;22,014;20,563;19,873;19,118;18,834;19,025;16,279;17,585;18,018;14,862;16,032;15,591;15,171;14,215;15,100;14,506;12,534;13,018;11,196;13,396;12,858;13,526;10,845;10,109;10,223;10,724;10,361;10,258;11,099;9,080;9,798;7,971;9,614;9,073;7,858;7,598;8,202;8,405;7,769;7,558;7,504;8,252;7,479;7,812;7,140;6,917;7,221;7,112;5,653;5,909;6,445;4,738;5,744;4,732;5,404;5,745;5,288;6,292;4,565;4,329;5,711;4,588;3,615;4,113;4,697;3,900;3,957;3,899;3,746;4,063;3,867;4,655;4,040;3,273;3,469;3,534;3,010;3,562;3,322;3,816;3,802;3,022;3,804;3,965;3,921;3,438;2,419;3,371;4,098;2,645;2,634;3,773;4,532;4,831;7,585;12,518;21,028;28,780;38,744;45,639;47,685;47,322;42,593;35,212;24,255;17,025;10,664;4,564;4,949;3,037;2,318;2,486;1,967;1,970;2,309;1,911;3,440;1,975;1,986;2,734;1,703;1,981;2,821;2,012;1,915;2,087;1,766;2,249;1,769;2,358;2,001;1,898;1,686;3,081;1,719;2,057;2,005;2,620;1,619;2,113;1,996;2,381;2,766;1,973;2,844;2,129;1,133;2,368;1,813;1,900;1,921;2,244;2,789;2,263;2,264;2,693;1,511;2,311;1,832;3,100;1,464;2,577;2,416;2,384;2,545;2,632;2,791;3,193;4,206;3,387;4,400;5,729;4,079;7,191;6,181;5,776;6,687;5,486;5,432;5,007;7,167;4,300;5,862;3,692;5,181;5,524;4,508;3,590;5,360;4,754;4,019;1,742;3,862;5,232;4,321;3,968;3,524;4,568;5,461;3,272;3,584;1,637;7,243;3,847;3,511;8,712;4,789;4,393;4,861;5,898;7,022;2,798;
325;3,963;3,486;3,483;3,329;3,436;2,412;0,928;2,216;2,883;1,539;2,350;1,821;2,288;1,953;1,572;1,748;2,382;1,004;2,218;1,524;1,224;1,149;1,872;1,061;0,780;1,218;1,055;0,348;1,288;1,331;1,029;1,451;1,165;0,580;1,035;1,004;0,833;0,904;0,794;1,381;0,993;0,912;0,802;0,794;0,693;1,110;0,918;1,235;0,912;1,012;0,824;0,726;0,709;1,267;0,630;0,824;1,225;1,269;0,619;1,505;0,967;1,011;0,540;1,304;0,802;0,479;1,176;1,087;1,285;4,200;19,051;57,695;142,433;227,484;285,710;256,495;188,026;95,031;34,153;10,672;3,609;2,628;2,548;1,801;1,959;2,132;1,544;1,312;1,300;1,550;1,248;1,666;1,911;1,955;1,745;1,645;1,927;1,913;2,699;2,600;2,889;2,280;2,597;3,405;3,543;3,259;4,618;5,209;7,250;9,613;10,292;14,864;18,735;22,235;23,412;25,405;22,859;21,705;16,783;14,165;11,994;11,522;11,601;11,935;11,874;12,182;12,795;13,575;12,763;11,409;13,632;14,160;15,521;16,217;16,910;18,008;17,457;17,985;19,354;19,887;21,690;21,953;23,432;23,790;24,359;26,347;28,675;29,632;31,307;35,578;37,862;38,334;42,579;43,408;48,703;54,032;52,527;58,693;65,612;67,035;72,920;75,669;79,841;79,703;88,270;92,521;94,786;95,773;100,112;106,759;110,942;111,044;109,684;116,679;119,362;121,599;122,935;124,999;130,484;130,708;134,215;135,413;141,189;143,893;140,245;143,292;145,907;145,754;143,298;148,749;151,526;146,913;150,413;151,140;150,888;147,797;152,936;153,152;150,508;152,054;151,102;153,257;153,939;151,502;154,670;150,034;150,896;148,522;144,101;151,169;147,885;146,824;142,664;141,109;138,651;140,534;135,821;138,075;130,624;132,627;126,329;130,800;122,351;121,199;121,619;124,440;118,496;115,190;112,651;113,503;110,563;108,071;104,307;103,586;102,162;99,815;97,524;100,343;95,603;90,991;90,067;90,470;87,291;87,400;86,722;83,202;79,494;79,070;76,129;73,158;70,781;70,977;69,635;68,918;66,543;64,779;63,152;63,714;59,386;58,200;57,571;57,709;54,178;54,623;51,756;51,487;47,228;50,103;48,341;45,999;44,599;40,533;41,417;39,483;39,921;40,478;38,097;37,350;37,400;35,244;32,681;32,898;32,646;32,984;30,935;30,396;28,674;28,985;27,829;28,937;26,937;26,594;26,381;23,263;23,128;21,412;22,534;23,239;22,931;22,341;21,322;18,107;20,055;19,701;18,917;16,264;16,481;16,442;16,504;17,216;17,973;16,450;14,766;12,968;14,669;13,395;12,746;12,914;14,337;11,384;11,529;11,756;11,512;11,743;10,680;10,843;10,019;11,386;8,640;10,688;8,634;9,118;11,459;8,441;8,828;7,555;8,261;7,354;8,157;7,856;6,941;7,696;7,440;7,626;5,760;6,224;4,817;6,938;6,079;4,866;6,009;5,933;5,343;5,417;5,415;4,999;4,370;4,312;4,472;4,611;5,253;4,434;6,026;3,984;3,961;4,745;4,121;3,372;4,010;3,247;4,330;3,246;3,535;3,117;3,685;3,443;2,799;4,320;3,477;3,556;2,993;2,906;2,813;3,271;2,793;3,354;3,183;2,091;3,082;4,447;2,891;3,889;5,422;7,837;11,727;17,355;23,192;29,333;39,348;46,048;48,641;44,503;32,439;25,134;16,711;11,638;6,612;3,197;2,972;2,075;3,859;2,563;2,800;1,672;2,238;2,559;1,764;2,488;3,108;2,146;2,898;1,959;2,555;2,000;2,654;1,915;2,072;2,604;1,128;2,907;3,279;1,842;3,152;1,310;1,744;2,611;2,425;2,816;2,428;2,393;2,852;2,288;3,132;3,152;2,990;1,911;2,304;2,364;2,801;1,808;3,007;1,828;1,889;2,469;1,361;1,676;2,752;2,689;2,778;2,857;2,706;2,794;2,737;1,879;1,924;3,183;3,274;3,297;3,620;3,264;3,358;5,118;2,933;3,949;7,514;4,911;6,495;5,299;4,420;6,565;6,254;7,656;8,033;5,701;7,855;5,083;4,100;5,161;3,468;5,332;4,399;6,138;5,664;4,994;7,798;5,678;5,092;5,357;5,695;4,541;5,212;
330;1,959;1,371;2,164;1,571;1,916;3,500;2,819;2,347;2,286;2,819;2,356;2,218;2,776;1,344;1,455;1,486;1,420;2,710;2,251;1,969;2,341;2,348;1,456;0,899;1,027;1,209;1,124;1,350;1,070;1,163;0,599;1,361;0,866;1,522;0,845;1,364;1,517;0,791;0,483;0,721;1,120;0,481;0,704;0,651;1,203;1,057;0,700;1,124;0,889;0,697;1,384;1,256;0,501;1,161;0,664;1,751;1,177;0,837;1,247;1,281;0,902;0,776;0,858;1,067;1,201;0,404;1,042;0,789;1,012;0,891;0,693;0,742;0,688;1,184;3,569;15,176;49,985;120,422;221,818;275,442;255,653;178,261;93,205;36,812;9,977;3,489;2,371;1,955;1,407;1,513;1,676;1,325;1,530;1,799;1,539;1,753;1,672;1,814;1,463;2,296;2,775;2,458;2,099;3,886;3,642;3,138;3,532;4,242;4,980;5,724;4,877;6,199;7,504;7,759;9,245;10,931;12,446;14,566;18,607;22,757;23,372;25,120;23,388;21,781;21,789;18,547;15,815;16,217;14,357;16,543;14,725;16,356;16,105;17,393;17,219;18,963;19,404;21,765;20,564;22,698;24,141;25,169;24,468;26,849;30,322;30,840;33,605;33,679;37,842;40,200;41,445;48,363;50,899;52,858;58,736;61,216;66,005;69,336;78,389;82,503;82,222;93,197;95,444;101,741;106,090;105,472;114,631;120,349;121,573;127,057;131,093;134,700;139,526;143,089;145,508;147,679;155,363;154,951;161,851;161,593;168,798;168,037;175,651;174,921;177,620;176,569;177,370;180,808;181,328;183,264;186,043;185,991;186,844;190,361;192,125;190,011;191,848;190,442;194,058;189,590;188,922;192,449;190,882;189,915;186,971;187,509;193,823;187,266;187,279;183,357;179,502;183,464;180,717;174,221;180,180;173,445;171,536;170,680;166,237;163,618;165,224;158,788;159,043;156,043;152,752;150,219;146,531;148,240;141,407;140,481;139,256;133,954;133,505;131,453;133,118;129,557;123,824;120,116;118,053;118,394;115,848;113,894;112,096;106,271;107,827;101,742;101,352;99,871;95,859;96,764;91,398;88,284;85,378;85,037;85,689;84,417;78,486;77,212;78,706;75,187;74,300;71,396;66,478;67,936;65,784;62,673;61,481;61,302;62,327;57,681;54,994;53,932;54,253;54,289;50,206;50,327;47,254;46,029;46,252;46,646;44,492;42,035;41,879;40,204;36,864;36,508;35,540;36,651;33,879;31,063;34,762;32,665;33,078;30,847;28,940;28,500;27,039;27,257;25,287;25,120;27,053;23,839;21,816;24,038;21,924;21,000;21,084;19,713;20,492;20,309;17,760;20,648;19,787;17,960;15,781;16,620;16,678;16,356;16,875;15,032;14,710;14,167;13,731;14,092;11,891;12,611;13,933;13,133;11,737;11,031;12,213;12,008;11,479;10,394;10,325;9,929;9,430;10,240;8,849;9,895;8,068;9,283;9,920;9,321;7,170;8,563;8,431;6,864;7,101;7,893;6,352;6,873;8,138;7,024;6,800;5,788;5,572;6,661;5,461;5,630;6,583;5,739;6,351;5,825;4,512;5,772;4,812;6,283;5,134;3,955;5,110;4,123;5,221;5,050;4,331;4,832;3,510;3,057;3,943;4,460;3,341;4,710;3,733;3,618;3,715;3,052;4,051;3,705;4,109;3,369;3,251;2,554;2,914;3,167;3,756;3,157;2,827;3,014;2,390;2,742;3,246;3,069;4,155;5,477;10,178;14,534;20,594;30,140;39,270;45,351;45,239;44,864;35,060;26,168;19,735;9,659;6,488;3,472;1,868;2,863;3,176;2,685;1,912;2,094;2,791;2,940;3,192;1,274;2,006;1,923;1,583;2,706;1,518;2,065;1,950;0,890;2,256;2,631;2,511;1,858;1,271;2,179;1,012;2,353;2,518;2,828;2,300;2,346;2,976;2,159;3,150;1,513;1,512;1,819;1,603;2,732;2,434;2,782;3,609;2,424;2,244;2,074;3,677;2,786;2,406;3,573;2,441;2,819;3,088;3,523;2,862;3,094;2,294;3,681;4,491;4,584;2,402;3,207;3,736;4,405;4,674;3,859;3,458;3,342;4,911;5,298;4,454;5,641;6,047;6,734;5,892;5,159;6,438;7,573;7,634;7,497;7,253;5,629;6,918;4,784;7,342;
335;1,663;3,149;2,412;2,205;1,980;1,738;1,826;2,530;2,453;1,753;1,647;1,976;1,632;1,977;1,295;1,121;2,056;1,677;0,689;1,348;1,413;0,914;1,255;1,843;0,912;1,282;1,356;1,046;1,025;1,036;0,849;1,457;1,319;0,792;0,901;1,537;0,848;1,328;0,995;1,031;0,806;1,422;0,401;1,382;0,956;0,723;0,451;1,351;0,576;0,814;1,268;1,044;1,129;0,600;1,163;1,355;0,422;0,872;0,663;1,285;0,744;1,041;0,375;0,570;0,869;1,026;0,559;0,834;0,810;0,964;0,816;0,522;0,671;1,082;0,787;0,790;0,730;0,827;1,412;4,446;15,465;60,357;139,759;222,011;282,618;247,203;171,599;82,089;32,557;8,987;2,882;1,973;1,223;1,439;1,848;1,435;1,345;1,418;1,886;1,730;2,390;2,398;2,262;3,253;3,079;3,887;3,340;4,147;4,111;4,982;5,941;6,597;5,496;6,559;7,400;8,499;9,338;8,223;10,286;10,598;10,563;13,174;14,144;17,369;20,193;23,311;25,188;27,906;25,073;24,953;24,103;21,862;21,310;19,710;19,496;20,587;21,175;21,259;23,404;24,130;26,268;24,296;27,677;32,227;30,212;34,802;37,124;39,814;42,580;45,979;48,925;51,379;58,099;60,783;67,075;71,032;77,955;82,943;87,399;93,967;99,695;107,836;112,064;118,903;121,234;126,707;135,926;136,871;142,968;154,026;150,922;160,604;166,088;172,036;170,562;175,140;182,591;184,398;190,071;191,064;196,102;196,477;202,780;205,958;208,008;210,234;212,755;216,338;221,877;216,674;222,153;221,018;227,836;228,120;223,843;230,410;231,462;226,532;228,178;235,669;231,843;228,354;229,466;225,256;231,317;232,549;227,201;221,602;219,943;222,462;222,347;218,343;215,003;212,502;207,678;208,154;205,870;202,560;203,979;198,135;196,493;194,245;189,716;189,910;183,586;183,405;180,466;175,649;178,807;173,582;169,165;162,531;160,943;160,870;155,575;152,158;149,586;147,830;147,458;141,312;137,858;135,111;136,335;129,109;124,794;123,714;121,323;121,705;115,804;113,248;111,238;108,714;108,038;102,548;101,878;103,048;94,367;93,305;90,445;89,350;90,703;85,773;84,285;78,282;77,773;80,575;72,731;72,090;71,989;68,762;69,395;68,682;63,242;65,884;60,738;58,459;56,027;54,507;54,774;55,148;50,655;51,335;50,365;49,108;45,924;46,802;46,741;43,230;43,173;39,587;41,527;40,311;38,169;37,732;36,692;35,224;31,440;29,855;30,302;30,092;32,013;29,676;29,489;29,196;28,286;28,503;23,648;23,515;25,404;25,497;23,793;19,959;21,666;23,435;21,907;19,537;20,557;19,031;20,597;18,966;16,988;17,280;16,353;17,688;15,599;15,161;13,792;14,860;13,979;14,650;14,487;13,518;12,575;12,793;12,780;13,295;11,460;11,271;10,988;12,154;10,764;10,218;11,058;9,170;10,568;9,260;9,040;8,273;8,138;7,214;8,517;7,518;8,658;8,188;7,283;7,023;8,077;7,102;7,355;6,975;6,738;5,618;5,347;5,978;5,885;5,975;6,174;5,375;5,339;5,735;6,087;6,176;5,152;5,281;5,642;6,111;4,117;4,530;4,130;4,181;3,279;4,246;4,474;4,707;3,622;3,399;4,437;3,745;3,795;2,832;3,258;3,375;2,711;2,944;3,133;4,346;2,690;3,151;3,013;2,609;3,048;3,667;2,191;2,927;2,936;2,722;2,928;2,274;2,008;2,623;2,958;3,612;4,566;7,188;11,124;16,132;22,122;30,051;41,213;43,178;46,801;38,977;34,025;25,548;15,573;9,029;4,694;3,000;2,434;2,366;2,356;2,818;4,208;2,816;2,562;2,972;1,971;2,405;2,087;2,103;2,537;2,763;2,908;2,783;2,287;3,132;1,951;2,895;2,476;2,368;2,696;2,628;1,829;2,893;2,177;2,131;3,700;2,751;3,126;1,540;2,296;2,178;2,008;2,782;2,548;3,322;2,268;3,403;2,882;3,401;3,390;1,669;3,186;3,995;3,904;3,225;3,679;5,798;3,445;5,302;4,553;3,064;2,365;3,311;3,333;4,922;2,377;4,247;4,841;3,688;4,603;6,052;5,099;5,460;4,078;3,711;4,862;5,835;4,916;5,587;5,960;
340;2,113;2,745;2,512;2,538;2,254;3,092;2,240;2,337;0,687;1,693;2,046;2,139;1,364;2,118;1,145;1,664;2,192;0,541;1,651;1,126;1,453;1,483;1,713;0,660;1,320;0,788;1,351;1,322;0,865;1,692;0,929;0,811;1,085;1,045;0,363;1,739;1,073;0,795;0,833;1,012;0,637;0,605;0,759;0,826;0,997;0,834;0,636;0,692;0,713;1,739;0,683;0,787;1,178;0,811;0,757;1,131;0,965;0,909;0,983;0,826;0,807;0,762;0,875;0,618;0,541;0,740;0,687;0,529;0,456;0,688;0,444;0,720;0,707;0,958;0,791;0,467;0,579;0,599;0,709;0,924;0,635;0,861;0,769;1,079;3,252;12,793;41,022;98,952;183,895;248,960;257,081;185,302;99,717;36,929;10,861;2,865;2,173;2,072;2,285;1,934;1,626;1,898;2,354;2,662;2,425;3,057;3,175;3,474;4,167;5,086;5,476;6,244;6,871;6,189;6,604;7,928;7,168;8,393;8,542;10,341;9,318;10,455;9,824;11,096;12,513;13,054;13,005;14,064;16,622;18,367;21,610;23,491;26,963;29,046;29,521;31,997;28,438;28,914;26,191;26,968;28,391;27,567;31,418;33,587;32,951;38,346;36,881;41,598;42,409;49,487;53,841;58,109;62,666;67,605;76,109;78,027;84,995;92,580;97,593;109,613;109,073;117,911;125,646;131,382;135,040;147,566;149,917;156,979;161,964;168,704;177,708;179,636;185,305;191,477;190,905;205,239;206,024;212,807;219,974;220,012;225,376;228,755;237,423;236,212;243,194;242,781;242,178;248,482;253,622;258,081;258,988;255,524;259,702;264,496;263,456;267,719;260,683;268,499;266,647;269,054;266,842;265,734;268,460;264,187;267,031;262,374;258,942;262,401;258,435;257,572;256,463;251,959;253,224;253,490;242,641;245,590;242,356;236,308;237,250;232,061;228,925;226,941;229,268;221,180;221,863;216,985;209,205;206,207;200,463;203,459;196,208;193,166;188,744;184,649;186,287;178,940;177,940;173,191;163,989;164,701;160,975;159,979;156,590;154,046;148,213;144,881;145,682;138,492;136,890;132,646;130,093;129,591;124,905;123,643;120,776;118,998;115,729;110,478;107,089;107,348;101,827;99,710;97,232;97,895;94,830;92,938;87,837;88,269;84,902;81,495;81,731;76,859;74,535;73,355;70,444;69,577;67,993;67,862;66,411;63,501;61,705;58,555;57,686;58,316;58,102;50,556;51,273;51,909;50,969;48,782;49,121;45,986;44,418;41,219;41,606;41,523;42,874;38,014;39,576;34,871;36,663;36,086;32,016;33,169;31,351;31,921;31,220;30,088;26,973;28,709;27,317;26,955;23,807;26,320;23,505;22,262;24,021;22,485;21,775;20,564;20,568;18,722;21,488;18,277;18,200;17,743;17,979;17,672;17,420;16,831;15,748;14,854;16,345;13,681;13,490;14,570;12,197;13,453;11,856;12,366;12,252;10,156;11,542;10,091;11,845;11,759;10,791;8,135;10,182;9,498;10,424;9,483;10,210;9,207;9,120;8,500;8,135;8,653;6,944;7,470;7,103;6,425;7,269;7,729;6,626;8,266;6,164;5,491;6,635;5,874;5,142;6,082;6,232;5,099;5,617;5,893;5,710;6,297;5,309;6,364;5,052;4,690;4,985;4,934;4,803;4,046;4,709;4,101;3,994;3,980;3,449;4,460;4,486;3,556;4,313;3,854;3,472;3,130;2,813;4,203;3,074;3,415;2,958;3,396;3,429;3,286;3,587;1,694;2,162;2,954;2,762;3,115;3,317;2,770;3,061;2,413;2,203;2,123;2,049;1,738;1,714;3,464;4,336;6,288;9,633;15,611;22,897;30,925;36,170;39,453;42,625;36,568;29,350;24,197;16,908;9,592;6,219;4,731;1,737;2,723;3,657;2,936;2,358;2,893;2,552;2,738;2,599;2,405;2,432;2,328;1,765;3,244;2,538;1,948;2,835;2,626;2,791;2,060;3,397;2,213;2,362;2,664;2,479;2,774;2,966;3,326;3,786;3,961;2,392;3,931;3,231;3,019;3,112;4,151;4,096;3,068;3,573;2,397;3,547;2,564;3,430;4,457;3,696;3,148;4,839;4,787;5,246;3,989;3,338;3,387;3,791;4,741;4,679;3,253;3,865;5,517;4,990;5,054;5,138;4,838;6,133;
345;4,456;1,825;2,184;2,694;3,138;2,745;2,012;1,293;1,912;1,721;2,611;1,632;2,197;1,339;1,029;1,211;1,203;2,253;1,700;2,146;1,027;1,308;1,256;1,300;1,578;1,811;1,405;0,932;0,965;0,828;0,674;1,004;1,089;1,548;1,513;1,228;1,329;0,827;1,047;0,934;0,836;1,313;0,685;0,847;0,636;1,111;0,980;0,898;0,897;0,863;0,830;1,101;0,434;0,872;0,589;0,669;1,125;0,846;0,625;0,388;0,622;0,865;1,239;0,664;0,597;1,154;1,061;0,619;0,593;0,403;0,556;0,973;0,710;1,155;0,884;0,821;0,670;0,684;0,657;0,698;0,973;0,757;0,157;0,680;0,401;1,178;0,605;0,507;1,088;2,763;11,635;38,614;88,634;178,421;233,973;213,474;149,760;75,479;29,967;10,405;3,069;2,292;2,278;2,701;2,888;2,753;3,635;3,466;4,124;3,837;4,559;4,443;4,631;5,558;6,757;6,385;6,744;7,040;8,801;7,320;8,834;10,035;9,797;9,795;10,305;10,930;11,643;10,865;12,608;12,824;14,358;15,327;16,579;18,656;18,614;20,930;23,964;27,256;31,422;33,563;36,054;36,497;38,929;37,691;37,606;40,209;40,716;43,331;45,560;52,721;59,198;60,736;66,705;69,446;75,973;85,580;89,107;97,987;106,747;107,988;117,709;127,982;131,812;141,096;146,724;157,003;162,492;171,102;174,504;182,614;189,678;193,490;199,651;212,300;214,448;220,784;227,386;226,978;234,649;241,184;243,328;247,349;259,014;260,367;261,148;269,473;268,475;273,432;277,761;283,955;282,783;286,663;282,002;292,291;293,102;290,432;293,154;295,145;293,088;295,893;294,665;296,731;294,391;299,431;290,713;290,839;291,643;293,007;287,463;283,253;279,778;279,479;279,311;279,512;275,336;272,666;267,410;263,074;261,202;263,294;249,182;252,693;250,311;244,640;238,798;236,796;236,005;226,850;228,115;220,140;217,382;215,046;209,065;204,487;200,606;203,198;194,662;192,862;186,178;188,103;181,876;176,795;174,413;173,174;167,296;162,060;160,545;152,735;150,137;151,142;146,259;144,662;140,536;135,016;131,355;129,290;125,618;125,488;123,655;115,518;114,783;112,112;112,186;108,604;107,089;102,355;101,367;97,107;93,956;93,678;89,178;87,972;86,329;81,722;81,070;82,490;77,060;74,877;74,545;72,049;67,562;64,376;64,708;62,789;60,313;59,908;58,714;58,321;51,923;53,935;51,118;51,442;48,098;49,278;45,717;45,630;43,937;43,366;44,284;40,376;39,307;39,166;35,752;35,923;36,112;34,929;32,633;34,889;33,056;29,571;28,777;28,486;30,264;27,203;28,271;26,841;23,302;26,413;24,571;25,210;23,318;22,233;21,066;21,796;20,177;20,645;16,791;19,593;18,751;18,317;16,164;15,477;17,876;16,626;16,095;15,768;14,580;14,499;13,761;15,214;14,438;12,085;11,961;12,703;12,592;12,349;12,513;11,698;10,787;9,655;10,271;8,305;9,370;8,218;10,630;9,076;8,516;8,440;10,073;9,131;8,034;8,443;6,697;8,617;7,487;7,406;7,697;7,263;6,743;6,949;5,110;7,200;5,768;5,894;6,500;5,613;6,353;5,931;6,781;4,487;6,688;6,020;4,998;4,678;4,389;4,963;4,148;5,637;4,790;4,602;4,572;4,493;4,270;4,838;3,240;3,798;3,810;3,662;3,634;4,259;4,105;3,612;2,365;2,522;2,980;2,911;3,329;2,594;3,108;3,401;2,628;2,770;2,724;2,661;2,873;3,725;3,163;3,511;2,669;1,977;3,093;2,587;3,071;2,570;1,882;2,845;2,449;2,817;2,399;2,834;3,018;3,604;5,432;6,862;10,963;12,937;21,186;28,160;34,035;39,785;36,777;35,417;28,398;22,363;17,492;11,406;6,354;3,360;2,631;1,855;3,081;2,016;3,108;3,416;2,485;2,149;2,654;3,230;3,764;3,177;3,325;2,754;2,393;3,330;2,607;2,055;2,459;3,331;3,156;2,713;3,480;3,365;3,743;2,198;3,300;4,178;4,719;3,290;4,068;4,280;3,887;3,796;2,849;4,160;4,019;3,145;4,311;3,301;5,535;3,241;3,720;3,541;3,997;4,315;6,421;4,249;5,061;4,804;4,449;3,386;3,664;
350;2,865;1,895;2,955;3,869;1,964;2,112;0,967;2,448;2,889;1,900;1,934;0,787;0,838;2,075;1,788;1,427;1,866;1,210;1,660;2,460;1,513;1,356;1,281;1,101;1,087;1,128;0,484;1,185;0,951;0,675;0,551;1,214;0,684;1,234;1,522;1,498;1,089;0,779;0,833;1,071;1,217;0,953;0,793;0,877;1,195;0,626;0,712;0,919;0,970;0,907;0,792;0,616;0,729;0,817;0,597;0,634;0,800;0,796;0,766;0,694;1,285;0,496;0,892;0,548;1,002;0,642;0,409;0,695;0,888;0,643;1,047;0,560;0,893;0,711;0,853;1,011;0,528;0,592;0,972;0,327;0,549;0,884;0,762;0,899;0,549;0,788;0,585;0,354;0,643;0,824;0,130;1,100;0,596;0,969;3,756;11,877;41,370;96,227;164,775;209,978;194,789;139,203;68,479;24,005;8,154;3,681;3,555;3,851;3,600;4,179;3,539;3,708;4,885;4,701;4,458;5,358;5,437;6,161;6,375;7,651;7,057;8,166;8,132;8,836;9,514;9,239;10,128;10,975;11,241;11,944;12,784;13,725;14,981;15,619;15,524;18,480;18,113;20,596;21,425;24,535;26,331;28,542;32,875;36,965;39,421;44,261;49,427;51,096;54,089;58,234;60,272;64,768;67,364;70,504;77,055;82,994;88,764;99,146;103,676;112,886;122,547;126,941;137,780;144,896;152,569;160,959;169,608;174,475;181,866;188,747;199,724;207,666;207,035;214,493;224,946;227,196;236,181;241,654;249,733;250,673;257,162;262,013;272,405;272,153;279,138;289,342;284,576;287,392;294,685;292,462;298,858;297,846;305,282;305,783;307,140;309,467;311,646;314,719;310,100;311,626;308,434;308,392;310,412;311,475;310,032;307,251;307,785;306,779;302,224;297,684;297,700;302,400;301,881;289,955;292,388;287,487;286,822;281,204;281,140;273,911;274,993;268,226;268,949;260,444;256,447;248,465;245,427;243,951;243,562;234,743;233,301;223,078;226,448;220,919;220,905;211,384;208,718;206,004;202,126;198,716;196,542;189,032;188,181;180,125;179,160;172,574;166,171;166,699;159,889;159,924;155,303;151,894;151,335;145,715;139,704;141,527;138,881;131,000;126,387;124,776;122,745;120,318;115,389;113,485;113,359;105,019;106,212;101,962;101,030;100,682;95,280;91,722;90,521;89,779;85,666;84,145;81,949;80,356;80,049;74,558;75,717;75,615;71,167;66,008;67,333;64,938;62,542;61,968;60,413;56,679;58,888;56,171;52,887;53,843;49,712;49,371;48,541;46,884;43,152;44,666;41,381;43,093;41,717;38,147;38,383;38,034;37,175;35,824;34,030;32,925;32,171;30,344;29,766;31,420;28,319;28,044;27,222;29,765;25,644;24,880;23,486;23,731;22,437;22,417;21,999;22,764;18,898;20,259;19,891;18,441;18,948;18,039;16,384;15,993;16,324;15,531;16,000;16,471;13,619;15,696;14,447;14,769;13,947;12,270;12,939;13,321;12,917;11,771;11,767;11,099;10,187;11,180;11,267;9,560;10,898;9,158;8,527;9,458;9,089;8,439;8,550;8,849;8,490;7,091;8,214;7,215;8,036;7,006;7,163;6,920;7,399;6,499;6,369;7,347;6,254;6,183;5,860;6,313;4,764;6,724;5,773;5,656;4,877;6,512;5,022;5,009;5,316;5,360;4,035;4,892;5,094;4,702;3,920;4,101;5,505;4,708;2,793;4,312;4,466;4,287;4,068;2,838;3,026;3,349;3,214;4,022;3,204;2,833;2,911;3,055;2,729;2,918;2,852;2,895;2,865;2,504;2,836;2,164;1,559;4,330;2,407;2,898;2,653;2,611;3,484;2,678;2,472;3,346;2,438;2,459;2,053;2,832;2,178;2,893;2,144;3,081;2,665;2,262;2,173;3,238;3,535;4,065;3,659;7,741;10,222;17,931;20,914;28,701;30,068;33,854;33,680;31,333;26,872;19,119;16,615;10,350;6,094;2,898;3,086;3,197;3,456;1,957;3,060;2,445;3,124;2,086;3,281;2,913;2,531;4,273;3,044;2,012;2,569;2,734;2,164;2,715;2,544;2,250;3,507;2,776;4,005;2,845;3,456;3,562;3,662;3,969;3,142;4,490;3,469;3,303;4,099;3,557;5,268;4,883;3,482;5,101;4,529;3,626;4,767;3,513;3,836;
355;3,237;1,737;1,810;1,726;1,557;2,721;2,390;3,058;2,359;1,775;1,849;2,411;1,464;1,528;2,177;1,928;2,063;1,422;1,164;0,988;1,569;1,853;0,994;1,274;1,008;1,171;1,739;1,378;0,491;0,977;1,160;1,287;0,763;1,245;1,313;0,990;0,919;1,041;0,809;1,043;1,016;0,692;0,820;0,399;0,661;1,250;0,825;0,678;0,768;1,088;0,885;0,778;1,006;0,744;1,062;0,992;0,832;0,963;0,496;0,656;0,652;0,752;0,606;0,511;0,495;0,751;0,476;0,613;0,436;0,464;0,755;0,635;0,670;0,507;0,514;0,635;0,959;0,922;0,952;0,840;0,567;0,557;0,343;1,077;0,556;0,846;0,982;0,707;0,652;0,735;0,804;0,513;0,521;0,642;0,556;0,701;0,984;0,692;1,143;3,127;10,912;30,453;76,928;138,797;188,263;182,223;137,219;75,536;29,875;8,568;4,153;3,406;3,638;3,729;3,973;4,315;4,153;4,259;5,141;5,239;5,137;5,686;6,048;6,806;6,471;7,837;8,348;8,738;8,990;10,099;9,789;11,192;11,965;13,917;13,335;14,488;16,093;17,186;19,343;19,041;22,166;23,692;26,219;28,091;31,751;34,289;37,860;42,704;47,514;51,737;57,564;62,848;70,427;78,926;84,582;89,692;96,355;100,563;104,845;112,910;118,882;128,321;133,789;144,866;148,352;156,297;164,576;175,600;178,002;190,665;193,645;204,810;206,579;217,246;224,587;234,897;239,872;242,187;246,727;255,953;259,693;264,305;269,544;271,230;279,006;286,528;285,288;297,154;294,032;298,766;306,334;308,089;310,107;309,571;310,524;314,947;316,576;313,094;323,752;321,214;315,864;319,045;316,778;315,853;317,121;318,828;318,238;317,759;310,463;311,063;310,155;304,662;301,275;299,259;299,841;297,005;289,554;289,587;284,925;283,039;282,847;273,934;273,684;266,584;266,013;258,398;255,860;258,454;244,320;245,437;238,054;238,276;233,655;228,783;222,472;221,087;213,912;210,758;209,062;206,837;205,360;199,546;191,867;186,601;181,540;178,799;178,816;176,541;168,567;166,528;162,891;153,172;153,611;147,755;146,482;144,382;139,956;138,213;135,011;130,566;127,342;123,523;124,053;116,446;114,704;112,901;109,931;107,672;105,233;103,291;100,427;95,987;93,676;92,744;88,023;86,074;83,397;85,859;79,272;79,452;76,264;77,087;71,958;70,257;69,154;68,626;65,406;63,110;62,028;60,139;59,651;57,882;57,229;54,219;51,921;48,636;50,006;48,438;45,606;46,949;43,539;42,193;41,630;42,999;40,189;39,428;37,385;34,718;34,788;34,180;33,930;32,162;30,713;30,160;29,075;28,409;30,120;28,969;25,292;25,865;25,129;24,612;21,277;21,535;23,404;21,934;21,832;22,123;19,342;20,341;17,850;19,211;18,578;16,881;17,789;16,932;17,197;17,085;15,025;15,552;15,261;14,659;15,520;13,642;12,974;13,773;12,167;11,923;11,891;10,550;12,120;10,634;11,581;11,382;10,540;10,825;10,575;10,397;10,301;10,151;10,029;9,274;8,355;9,459;9,123;7,381;7,881;6,891;8,552;6,802;6,811;7,520;7,420;6,202;5,641;7,201;5,927;5,613;6,144;6,025;5,981;5,750;5,533;6,227;5,384;5,498;5,869;5,085;5,286;4,658;5,306;5,060;5,215;5,082;4,177;3,200;3,943;3,810;4,361;3,742;4,604;3,109;3,643;3,529;3,676;3,344;4,429;3,776;3,269;2,855;2,916;3,105;2,930;3,149;2,624;3,322;2,054;3,567;3,229;2,673;1,995;2,997;2,696;2,568;2,093;2,599;2,179;2,970;1,828;1,926;2,259;2,490;2,664;1,954;2,200;1,985;2,755;2,351;2,155;2,128;2,280;2,867;2,627;1,939;2,526;1,842;2,256;2,436;2,393;2,547;3,258;3,837;5,085;8,355;10,810;17,607;22,225;31,817;38,404;41,290;46,219;49,443;43,881;29,064;21,819;14,232;9,269;6,521;3,195;3,770;2,742;3,411;2,181;3,112;3,761;5,044;3,229;3,048;3,189;3,670;2,574;3,384;2,614;1,940;4,267;3,443;2,939;4,469;3,602;2,860;4,755;3,257;4,064;4,147;3,516;2,500;5,437;3,161;2,929;3,849;3,851;
360;1,572;1,813;2,505;3,313;2,391;2,426;2,207;1,829;1,357;2,424;1,435;2,144;1,795;2,078;1,633;1,546;1,949;0,985;1,319;1,576;1,199;1,769;1,482;1,614;1,412;0,867;1,440;0,599;1,073;1,634;1,109;0,790;1,213;1,104;1,352;1,397;0,891;1,096;0,708;1,212;0,580;0,761;0,865;1,393;0,824;0,587;0,649;0,826;0,684;0,887;0,727;1,051;1,101;0,935;0,970;1,038;0,877;0,641;0,996;0,699;0,926;0,905;0,914;0,687;0,530;0,604;0,949;0,707;0,587;0,577;0,596;0,707;0,755;0,573;0,654;0,431;0,405;0,682;0,755;0,884;0,348;0,600;0,646;0,645;0,709;0,683;0,894;0,774;0,505;0,953;0,521;0,577;0,699;0,531;0,569;0,618;0,603;0,646;0,593;0,718;0,609;0,465;0,919;0,915;2,862;8,400;32,913;75,311;136,942;185,808;189,319;142,595;74,206;28,051;9,992;3,917;3,474;2,872;3,330;3,772;4,086;3,796;4,120;4,304;4,898;5,129;5,504;6,463;6,258;7,325;7,826;8,937;8,820;10,345;10,816;12,137;13,256;14,353;15,920;15,834;18,754;20,730;23,397;24,985;27,912;29,215;32,526;36,111;39,230;43,067;47,386;52,213;57,899;65,395;70,642;78,663;85,091;93,027;100,881;111,868;119,848;124,733;133,334;135,250;145,340;151,841;159,005;163,917;171,310;181,165;188,382;193,807;204,001;205,287;211,056;225,208;228,826;233,992;240,366;246,768;248,917;261,935;265,959;271,458;268,993;281,196;278,237;288,869;286,195;292,352;299,614;299,561;300,968;308,698;307,996;310,892;309,154;310,195;315,999;316,401;315,432;313,015;311,055;312,094;309,790;316,083;313,882;310,321;304,870;302,887;302,372;303,532;300,347;294,096;293,647;293,245;296,329;293,499;279,361;278,860;275,208;276,864;277,254;268,185;259,433;258,786;253,943;247,095;247,070;238,337;240,705;233,627;230,711;228,238;225,049;216,948;215,621;212,204;206,825;203,900;201,978;194,168;193,733;192,821;182,386;178,225;172,808;172,376;168,026;162,191;158,635;156,017;152,579;153,579;147,847;145,114;139,930;136,220;134,307;128,766;127,322;127,500;122,261;121,534;116,408;114,340;111,644;106,676;104,683;106,154;98,225;98,090;92,349;93,687;91,496;88,525;84,950;81,580;82,466;80,506;78,394;73,939;71,719;68,128;67,297;67,947;65,997;63,613;61,348;59,822;58,923;54,808;57,591;52,579;52,896;52,789;48,531;47,025;46,813;48,550;43,804;41,914;41,494;40,447;38,587;39,484;38,991;37,540;35,361;34,669;33,205;34,010;33,365;30,798;30,045;30,193;30,218;26,653;25,486;27,494;25,728;25,030;24,947;24,614;22,971;24,034;22,389;21,592;20,689;20,229;19,516;18,020;17,464;18,395;18,110;18,293;16,657;16,885;15,927;15,389;15,998;15,529;14,470;13,962;14,068;14,630;12,923;12,353;10,790;10,609;12,466;10,416;10,552;10,937;10,748;9,951;10,719;9,362;9,682;9,400;8,617;8,459;9,930;8,582;8,184;7,477;7,542;7,625;7,620;7,586;7,424;7,731;7,127;6,543;6,800;6,651;6,770;6,527;5,409;6,245;5,794;6,230;4,964;5,657;4,788;4,986;4,605;5,215;4,849;4,960;5,134;4,373;4,376;4,742;3,777;3,507;3,646;3,895;3,605;3,505;4,282;3,449;3,517;3,421;4,055;3,414;3,127;2,866;3,646;2,873;3,091;3,449;2,791;2,698;2,703;2,099;3,663;3,177;2,527;2,877;3,279;3,014;2,663;3,197;2,970;3,437;2,024;2,425;1,960;3,142;2,801;1,810;3,235;2,099;2,169;3,393;2,397;3,072;2,481;2,213;2,170;3,157;1,066;2,503;2,402;2,292;2,295;2,602;1,877;1,863;2,451;2,626;1,662;2,368;1,699;2,336;2,651;2,214;1,508;2,279;2,295;4,225;5,453;9,556;13,713;16,408;23,980;28,674;35,540;40,741;39,131;32,995;32,183;23,010;18,325;14,041;7,462;5,098;3,785;2,982;1,889;2,936;4,524;2,909;2,141;2,858;2,852;3,874;3,310;2,985;3,295;3,610;2,630;3,669;3,570;3,228;2,924;3,458;3,011;2,247;2,874;
365;1,812;3,563;2,376;3,078;2,213;2,284;2,698;2,188;2,001;2,213;2,039;1,570;1,403;1,483;0,779;1,722;1,259;1,726;1,763;1,800;1,184;0,896;1,470;1,161;1,848;1,020;0,812;0,980;1,292;1,171;0,992;0,680;0,844;0,774;1,089;0,674;0,895;0,858;0,723;0,887;0,748;0,989;0,884;1,073;0,749;0,862;0,929;0,974;0,739;0,698;0,805;0,948;1,043;0,849;0,921;0,541;0,910;0,713;0,889;0,771;0,886;0,625;0,883;0,989;0,780;0,484;0,659;0,578;0,901;0,680;0,757;0,604;0,785;0,620;0,798;0,774;0,846;0,587;0,522;0,827;0,831;0,563;0,566;0,651;0,575;0,449;0,444;0,615;0,647;0,457;0,488;0,562;0,755;0,563;0,553;0,495;0,755;0,436;0,616;0,709;0,491;0,560;0,555;0,558;0,719;0,787;0,906;0,964;1,341;3,996;9,908;30,769;83,922;134,310;173,508;168,504;124,750;65,932;25,902;7,922;3,949;2,511;2,551;2,965;3,570;3,680;3,817;4,423;4,222;4,962;5,324;6,327;6,487;7,957;9,048;8,630;9,481;10,326;11,957;13,167;15,023;18,533;17,594;20,311;24,012;26,742;29,021;31,442;35,309;37,315;41,733;47,913;53,036;56,924;62,533;67,792;73,034;77,454;86,803;96,029;104,018;116,422;121,399;127,353;137,458;140,699;154,822;157,214;165,073;172,633;178,538;186,970;195,261;199,286;202,738;212,420;218,766;223,680;225,256;233,251;239,415;243,035;254,050;255,724;260,842;261,448;268,411;269,962;279,830;282,788;281,429;289,908;294,475;293,207;290,503;294,066;301,357;299,305;300,366;304,046;299,401;303,975;304,373;306,355;304,993;298,688;300,601;302,202;303,376;303,423;302,481;300,220;295,805;287,935;292,833;284,461;283,453;278,651;278,108;278,642;274,968;267,319;264,062;259,226;256,885;254,792;248,688;245,664;242,569;238,345;236,952;227,994;227,156;225,006;217,269;211,538;207,527;210,539;201,632;200,780;195,985;192,896;186,823;184,547;180,496;176,484;175,045;168,125;166,252;157,555;158,732;153,202;148,751;146,107;143,895;142,363;136,737;135,110;132,448;126,109;123,205;124,456;116,997;115,206;114,642;113,413;108,472;106,665;103,947;101,295;99,535;95,891;92,630;91,275;88,881;83,392;85,480;80,414;82,065;78,897;77,927;72,177;72,574;68,361;68,421;68,416;64,280;61,762;62,503;58,449;58,386;54,714;54,959;52,752;52,247;50,796;49,409;48,988;48,600;45,425;43,834;45,588;43,792;38,926;37,545;39,277;37,686;38,499;34,984;34,787;33,108;32,578;31,493;29,620;30,337;28,420;29,625;29,112;26,214;26,952;25,085;26,461;24,986;22,287;21,283;21,270;22,709;20,592;20,771;18,171;19,946;18,444;17,733;16,128;17,919;16,419;15,550;14,738;15,610;15,443;14,584;14,438;13,754;12,984;11,383;12,677;10,938;12,233;11,128;11,482;11,767;11,820;11,085;10,908;9,265;11,302;10,131;9,256;9,019;9,264;8,246;8,294;8,666;7,726;9,119;7,143;8,319;7,134;7,214;6,579;7,314;5,367;7,581;6,728;6,281;5,767;6,732;7,425;5,615;5,547;6,676;6,442;5,526;4,887;5,936;6,036;4,916;5,225;5,330;4,623;4,655;4,173;4,235;4,985;4,130;4,294;3,651;3,686;3,356;3,621;3,753;3,347;3,622;2,890;3,818;2,968;2,977;2,543;3,103;2,922;3,753;2,484;3,207;3,152;2,397;3,468;2,467;3,639;3,146;3,141;2,372;2,824;2,149;3,078;1,984;2,844;2,574;2,736;2,638;2,797;3,020;2,348;2,646;3,012;2,219;2,822;2,586;2,718;2,336;1,937;2,276;1,318;2,374;2,254;2,342;2,738;1,870;2,476;2,256;2,813;2,283;2,142;3,247;2,583;2,864;1,671;3,113;2,071;2,281;2,269;2,445;1,507;2,808;1,800;3,034;1,386;1,989;2,421;2,156;2,658;2,962;4,487;4,779;7,212;12,878;13,192;18,287;23,366;28,718;32,740;32,407;29,398;26,141;20,639;14,147;10,512;7,316;4,965;2,661;3,371;2,869;2,104;3,530;2,157;2,304;1,733;4,646;2,492;2,779;2,819;3,834;
370;3,366;2,720;1,176;3,117;2,255;1,407;2,766;1,745;2,430;1,910;2,075;1,382;1,617;1,557;1,490;1,318;0,975;0,962;1,552;0,699;1,622;0,786;1,041;1,329;1,940;1,288;0,989;1,089;0,666;0,938;1,094;1,572;0,786;0,785;0,927;1,006;1,169;1,434;0,693;0,731;0,886;0,707;0,950;0,857;0,733;0,959;0,969;0,728;0,866;0,648;0,574;0,558;0,524;1,223;0,616;1,088;0,496;0,827;0,710;1,099;0,761;0,753;0,616;0,562;0,556;0,975;0,718;0,768;0,754;0,570;0,634;0,526;0,745;0,570;0,870;0,377;0,645;0,564;0,923;0,611;0,753;0,972;0,487;0,614;0,698;0,767;0,494;0,524;0,758;0,370;0,603;0,486;0,661;0,775;0,918;0,791;0,498;0,732;0,553;0,665;0,607;0,502;0,495;0,548;0,398;0,825;0,574;0,585;0,796;0,660;0,643;0,530;0,856;1,364;2,545;9,820;29,463;65,320;123,364;155,389;153,155;111,344;65,562;27,702;9,107;3,807;2,848;2,503;3,306;3,593;4,121;4,997;4,835;5,629;6,342;8,798;7,707;9,537;10,202;10,925;11,628;13,394;15,390;16,637;18,787;20,723;22,893;24,363;29,590;34,276;35,414;39,785;43,277;47,852;52,719;57,226;62,504;69,044;76,808;82,459;88,918;95,486;103,900;110,252;115,149;123,131;133,155;140,428;143,324;155,366;164,493;169,235;174,265;176,904;187,245;192,234;199,186;203,601;206,077;213,293;216,631;221,759;227,233;230,755;240,917;242,952;245,150;242,523;253,464;253,551;261,791;265,530;263,951;266,587;267,459;275,739;281,072;278,037;281,735;279,597;281,760;284,259;283,743;282,342;284,249;281,920;279,361;282,135;277,760;278,530;276,492;277,107;275,644;269,961;269,645;265,756;263,301;261,559;261,147;257,891;254,980;254,327;246,913;240,550;239,562;236,206;234,556;225,301;224,542;222,500;218,069;214,175;212,976;211,760;208,833;200,860;197,716;194,525;194,042;185,551;185,462;181,093;172,693;174,085;170,290;165,916;161,481;160,101;156,951;151,803;145,243;147,863;139,189;138,783;137,603;133,095;129,145;128,991;126,991;122,185;119,137;117,014;114,075;111,968;106,836;104,124;103,765;97,482;98,107;95,852;93,442;89,429;88,768;83,036;81,733;80,484;79,925;77,075;76,123;74,148;71,830;71,209;67,925;68,115;65,095;64,656;60,502;60,310;58,262;55,670;55,885;54,585;50,098;50,552;48,110;46,938;46,809;46,069;45,039;42,974;40,933;43,212;39,766;39,825;38,166;35,268;36,388;34,131;33,138;32,231;30,702;31,599;31,027;29,880;28,200;28,806;28,317;27,205;24,276;25,075;24,658;23,963;22,978;22,162;20,585;23,021;21,628;19,314;18,283;17,678;19,543;18,021;17,720;17,364;16,788;15,541;15,117;15,413;15,125;15,196;14,879;12,834;13,573;12,694;13,345;12,989;11,425;11,642;11,523;10,343;10,826;10,838;10,644;8,967;10,002;9,418;9,587;9,468;10,146;9,008;8,238;7,270;8,474;8,335;8,377;8,368;8,162;7,637;6,673;6,804;6,526;7,061;5,596;6,360;6,535;5,830;6,278;6,789;6,187;5,573;5,254;5,549;5,473;4,789;5,130;5,492;4,885;4,598;4,489;4,395;4,078;4,427;5,307;4,386;5,222;4,256;4,247;3,537;3,591;3,549;2,583;4,189;3,866;4,068;2,711;3,017;3,078;3,012;3,097;2,882;2,907;3,371;2,842;2,195;2,544;3,401;3,071;3,229;2,574;2,940;2,011;3,089;2,535;3,492;2,028;2,690;1,910;3,356;2,029;1,887;2,909;2,232;2,712;2,972;2,064;2,470;1,628;2,441;2,208;2,673;3,184;1,683;3,145;2,298;2,510;2,371;2,123;2,417;1,854;1,792;2,310;2,207;1,913;2,275;2,591;1,982;2,473;2,324;2,429;1,912;2,024;1,874;1,811;2,335;2,775;2,199;1,750;2,251;2,095;1,126;2,455;1,739;2,523;1,999;1,436;2,218;1,617;1,969;2,290;2,226;3,709;3,302;4,397;5,960;9,032;13,455;18,113;21,697;24,964;26,440;28,002;29,193;26,198;21,614;18,285;16,629;8,780;6,160;2,941;3,016;2,554;
375;3,923;2,082;3,194;2,120;2,645;1,604;1,050;2,099;1,348;3,039;1,272;1,417;2,085;1,964;1,442;1,509;1,736;2,155;0,974;1,057;1,730;2,187;0,954;1,067;0,892;1,025;1,413;1,104;1,049;0,582;0,914;0,998;0,512;1,127;1,110;0,825;0,918;1,228;0,913;0,433;1,225;1,215;0,628;0,948;0,880;1,002;1,004;0,727;0,830;0,823;0,938;0,495;0,465;0,573;0,431;0,916;0,697;0,587;0,927;0,612;0,743;0,798;0,545;0,804;0,542;0,627;0,779;0,790;0,685;0,765;0,826;0,711;0,596;0,637;0,640;0,802;0,581;0,782;0,578;0,627;0,399;0,501;0,749;0,596;0,862;0,565;0,385;0,523;0,589;0,541;0,249;0,649;0,525;0,548;0,520;0,527;0,515;0,575;0,602;0,421;0,407;0,649;0,664;0,491;0,383;0,705;0,506;0,724;0,484;0,730;0,761;0,540;0,624;0,574;0,499;0,487;0,797;0,814;0,877;2,364;7,751;29,414;67,689;126,548;168,383;161,954;119,157;57,035;20,813;8,644;4,285;3,248;3,491;4,452;4,711;4,971;5,833;6,344;7,475;7,516;9,048;10,140;12,267;11,534;13,747;16,691;19,029;21,733;23,170;25,123;28,458;32,295;38,557;38,513;42,781;47,567;51,369;57,658;61,176;67,324;70,189;79,503;84,866;90,469;99,100;102,962;110,626;115,496;121,435;130,685;135,340;142,479;146,352;153,118;159,903;166,047;173,839;176,946;181,924;186,880;192,535;200,584;201,778;207,605;210,762;215,256;217,894;224,328;220,751;225,153;230,926;230,050;234,988;236,885;239,113;240,798;242,299;253,459;242,771;247,517;246,568;252,166;251,370;252,055;248,644;251,131;250,943;247,128;249,421;246,057;248,723;244,975;245,146;242,345;241,021;239,312;237,297;235,771;236,790;230,809;226,068;223,921;221,947;219,559;217,227;214,685;205,745;211,936;203,073;200,303;200,725;197,919;193,750;186,221;181,950;179,327;180,343;176,903;174,831;171,465;165,691;161,005;160,394;157,492;153,388;151,342;144,608;146,456;140,925;138,058;136,831;131,916;127,425;124,785;122,506;121,978;117,685;116,092;115,815;109,605;105,733;106,373;103,746;99,379;98,613;95,252;93,981;92,060;90,660;86,471;83,657;81,735;81,304;77,712;76,853;76,190;71,611;70,350;70,731;67,219;64,684;64,408;62,977;60,352;59,019;58,242;56,851;55,596;52,236;52,594;50,252;47,450;45,700;44,341;46,790;46,304;43,160;44,099;40,829;39,282;38,933;37,958;37,644;37,074;32,988;31,676;34,106;33,895;31,674;29,128;27,437;28,465;27,892;26,298;25,939;24,481;24,128;24,443;26,069;22,571;24,059;19,764;21,377;18,928;20,057;19,025;19,313;17,522;16,510;16,672;17,361;16,687;16,332;15,271;15,846;13,776;14,879;14,138;14,254;13,343;12,023;12,051;11,762;11,737;11,145;12,359;10,884;10,783;9,881;9,163;9,205;9,337;9,766;10,595;9,470;8,409;8,480;7,808;8,237;7,791;8,049;7,787;6,987;6,571;6,394;7,154;6,094;6,318;7,175;6,975;7,447;6,046;6,241;5,945;5,591;5,368;5,179;5,655;5,706;4,555;5,033;4,612;4,486;4,529;4,870;5,296;4,017;5,624;3,473;5,487;3,414;4,725;3,243;3,801;3,206;3,653;3,795;3,108;2,969;3,488;3,579;3,333;2,736;3,597;2,846;3,044;3,343;3,638;3,071;2,512;2,776;2,599;2,472;2,336;2,321;2,779;1,885;1,759;2,228;2,345;2,594;2,190;2,987;2,218;1,953;2,685;2,325;2,501;1,355;2,814;2,596;1,765;1,925;1,808;2,439;2,104;2,244;2,597;2,427;1,742;2,256;1,877;1,991;2,002;3,007;1,555;2,018;2,603;2,167;2,018;1,253;1,527;2,301;2,544;2,118;2,381;1,902;1,824;2,373;2,965;2,013;2,140;1,829;2,055;2,777;2,085;2,036;1,867;2,234;1,882;1,699;1,924;2,160;2,157;2,512;3,169;1,946;2,110;2,150;2,608;2,174;1,755;2,536;2,516;2,217;2,337;2,594;2,570;2,496;2,540;3,726;4,964;7,075;7,815;10,805;12,920;17,823;21,865;23,290;34,136;30,749;
380;3,384;1,121;1,893;2,585;2,188;2,478;2,409;1,777;1,885;2,796;1,309;1,457;1,253;1,503;1,488;1,510;1,788;0,595;1,126;1,593;1,246;1,216;1,102;1,327;1,121;0,990;1,134;1,063;1,230;0,765;0,414;1,127;0,887;0,875;1,160;0,744;0,583;0,776;0,829;0,727;0,540;0,707;0,890;0,866;0,652;1,047;0,771;0,393;0,926;0,575;0,452;0,403;0,809;0,568;0,775;0,961;0,747;0,612;0,534;0,642;0,604;0,954;0,880;0,564;0,534;0,738;0,795;0,225;0,698;0,528;0,815;0,844;0,529;0,810;0,652;0,739;0,960;0,980;0,889;0,623;0,853;0,778;0,672;1,037;0,699;0,669;0,685;0,555;0,568;0,679;0,350;0,728;0,465;0,775;0,618;0,623;0,561;0,369;0,750;0,269;0,681;0,404;0,613;0,755;0,658;0,648;0,386;0,278;0,587;0,439;0,517;0,355;0,410;0,424;0,689;0,591;0,557;0,892;0,425;0,643;0,743;0,621;0,851;1,311;3,057;9,543;28,977;81,859;140,045;188,676;178,000;129,069;69,213;29,710;9,509;4,717;4,230;4,564;4,712;5,900;7,329;7,509;7,696;9,621;10,185;12,033;12,407;14,378;15,666;18,533;22,656;24,837;28,059;29,767;34,151;37,344;38,416;44,115;49,444;53,776;58,746;61,098;68,088;70,588;79,806;84,052;86,961;94,955;96,042;103,702;109,457;112,314;117,006;125,124;130,612;131,887;139,564;144,555;146,843;153,784;158,859;163,191;168,668;173,896;175,836;185,679;183,820;188,673;192,325;196,224;195,854;196,663;198,952;201,892;204,787;207,308;208,724;207,506;216,382;211,008;213,788;211,262;214,202;213,902;212,173;213,595;214,079;214,600;211,321;213,763;211,837;211,642;211,158;210,092;206,723;205,088;203,655;202,420;200,806;200,980;194,781;195,891;190,408;189,727;188,890;186,782;183,154;176,746;176,925;171,865;171,462;168,553;168,923;166,251;162,571;156,446;159,857;155,951;150,486;150,571;142,693;143,298;138,806;136,408;132,713;132,748;130,797;128,695;122,437;118,928;116,429;114,694;114,532;108,533;110,680;108,696;103,296;101,636;100,535;96,232;95,846;91,360;89,519;86,746;86,627;83,850;80,950;80,938;76,385;76,270;74,219;73,577;70,283;65,524;66,247;64,588;63,094;63,293;62,321;60,140;58,810;55,887;54,432;52,311;51,680;50,423;48,620;48,815;46,384;44,834;43,524;42,646;40,392;40,381;40,984;39,835;38,913;37,023;34,471;37,038;34,864;32,870;32,687;30,536;31,673;29,441;28,091;30,657;26,901;25,497;23,841;25,090;25,358;23,239;23,510;21,796;22,330;20,606;20,172;19,469;19,818;18,311;20,342;18,325;17,118;17,178;16,612;16,376;16,404;16,579;14,446;14,201;13,829;15,505;13,852;13,639;13,347;13,969;13,325;11,364;12,587;10,525;10,955;10,403;10,909;9,612;9,973;9,262;10,673;8,999;9,452;8,545;8,583;8,812;9,850;7,792;6,700;6,512;7,585;7,838;7,140;7,840;7,070;5,905;6,595;7,000;6,955;6,971;5,608;6,143;5,040;6,628;5,497;5,131;6,043;5,376;4,299;5,257;5,150;3,735;4,061;4,869;3,933;5,317;4,082;4,730;4,533;3,550;3,571;3,985;3,939;3,633;4,047;3,436;3,541;3,766;3,770;3,414;3,512;2,749;2,625;3,741;2,152;3,148;2,635;2,768;2,810;2,445;2,919;2,207;2,273;2,473;2,218;2,353;2,713;2,400;2,453;1,462;2,181;2,205;1,914;1,845;2,137;2,556;2,259;2,903;2,209;1,545;1,470;1,713;2,381;1,815;2,328;2,068;2,008;2,006;1,735;1,325;2,000;2,187;1,775;1,757;2,477;1,942;2,108;1,210;2,032;1,689;2,310;2,104;1,719;2,143;1,935;1,874;2,783;2,422;1,517;2,112;2,408;2,333;2,577;1,494;2,121;2,151;1,780;1,712;2,671;2,638;1,864;1,919;2,426;2,561;1,923;2,913;1,707;1,206;1,722;1,868;1,688;2,100;1,692;2,218;2,428;3,368;1,809;1,728;2,026;3,113;1,845;1,857;2,285;2,851;2,963;2,417;2,732;1,849;2,285;1,556;2,598;2,268;3,468;
385;2,906;3,717;1,745;1,839;2,447;2,519;3,090;1,582;2,125;1,424;1,047;1,980;1,672;1,621;1,020;1,780;1,168;0,389;1,755;1,072;0,991;1,426;1,093;0,600;1,081;0,643;1,182;1,474;1,055;0,815;1,272;0,809;1,042;0,998;0,811;1,078;0,778;0,674;1,000;0,839;1,015;0,829;0,980;0,605;0,659;0,607;0,500;0,790;1,170;0,696;0,624;0,236;0,822;0,752;0,746;0,762;0,770;0,580;0,771;0,632;0,754;0,545;0,939;0,666;0,611;0,652;0,615;0,511;0,525;0,446;0,496;0,710;0,599;0,495;0,648;0,704;0,770;0,513;0,502;0,797;0,751;0,357;0,685;0,522;0,582;0,720;0,720;0,436;0,452;0,483;0,601;0,746;0,398;0,629;0,559;0,666;0,385;0,474;0,351;0,685;0,641;0,559;0,524;0,601;0,430;0,517;0,455;0,440;0,514;0,535;0,594;0,467;0,585;0,552;0,432;0,364;0,756;0,513;0,566;0,464;0,532;0,714;0,583;0,643;0,662;0,796;0,907;1,133;1,134;2,143;8,457;24,683;58,182;118,802;158,171;165,237;120,638;66,360;27,963;9,796;5,072;4,629;4,807;5,965;7,170;7,613;9,000;9,936;12,539;12,183;13,892;14,838;19,133;20,440;23,813;25,736;27,963;30,392;35,005;38,995;41,456;46,016;50,170;53,949;58,537;62,098;65,423;70,631;76,921;81,037;81,621;86,672;93,715;95,319;102,448;105,603;109,767;111,754;115,845;119,051;119,678;126,859;127,135;136,000;137,834;142,695;143,247;149,164;151,952;158,625;158,194;160,247;160,964;161,910;163,917;169,387;168,708;170,235;168,872;165,706;172,761;172,955;174,809;170,465;175,345;172,975;175,542;173,669;173,461;174,595;172,284;170,097;173,777;168,961;169,752;168,549;166,253;164,954;165,168;165,385;163,234;161,004;155,568;155,852;156,053;151,244;154,154;147,553;147,347;145,831;141,985;139,128;138,640;135,614;132,892;130,850;129,301;131,061;126,511;124,620;122,039;116,604;116,732;111,398;114,414;107,410;107,639;107,269;101,873;99,462;99,917;97,832;94,172;91,729;90,291;88,932;85,003;87,562;80,298;81,228;80,120;79,157;78,013;75,095;71,804;68,423;70,480;66,459;66,889;61,291;63,339;61,261;61,639;56,191;57,271;54,485;54,243;51,277;50,914;47,625;49,517;48,290;46,661;45,747;43,693;40,590;43,031;41,092;40,566;38,966;37,832;36,463;35,721;35,840;32,827;33,421;30,713;30,427;29,662;28,979;27,570;26,019;27,327;27,776;26,573;25,992;24,227;24,210;23,155;23,351;21,932;21,522;21,082;21,490;20,128;17,467;18,137;18,287;17,483;18,478;15,818;16,229;15,533;15,360;14,987;15,529;14,842;14,263;14,658;12,921;13,444;12,558;12,549;12,689;11,921;11,055;11,023;10,274;11,425;9,145;9,956;10,060;10,212;9,872;9,392;8,260;9,511;6,764;8,300;8,736;8,226;7,277;7,346;7,020;7,616;6,869;7,134;7,129;6,363;6,814;6,171;6,438;5,203;5,803;6,735;5,304;4,694;4,994;4,747;5,111;5,444;4,821;4,911;4,566;4,614;4,720;4,496;4,078;4,283;4,553;4,205;4,152;3,835;3,918;3,675;3,549;3,698;3,044;3,973;2,779;2,671;3,030;3,105;3,084;2,950;2,547;2,705;2,460;2,899;3,061;2,220;3,064;2,906;2,784;2,650;3,259;1,867;2,133;2,280;2,813;2,315;2,069;1,917;2,404;3,278;1,996;2,141;3,473;1,905;1,826;1,465;1,636;2,021;1,964;2,308;2,412;2,477;1,861;1,762;2,020;1,970;1,704;2,084;2,247;1,837;1,870;1,549;1,775;1,603;2,152;1,679;2,183;2,082;2,577;1,724;1,479;2,053;2,210;1,449;1,496;1,557;1,059;2,095;2,199;1,683;3,226;1,957;2,485;1,883;2,468;1,754;2,332;3,141;2,729;2,211;2,251;2,379;1,907;2,252;1,694;1,937;1,661;3,289;2,520;2,124;1,968;2,581;1,803;2,398;1,537;1,978;1,872;1,467;2,350;2,018;2,137;2,257;2,454;1,673;2,182;3,132;1,988;2,672;2,379;3,528;2,294;2,523;3,095;1,853;2,533;2,417;
390;3,672;2,433;1,466;3,010;2,468;1,697;1,802;1,402;1,943;1,434;1,596;1,185;1,154;1,044;1,686;0,887;1,542;1,420;1,621;1,129;1,415;1,113;0,895;0,712;0,805;1,406;1,480;1,587;1,167;0,982;0,932;0,550;0,911;0,968;1,167;0,769;0,730;0,967;0,846;0,735;0,653;0,561;0,688;0,428;0,937;0,868;0,886;0,350;0,827;0,458;0,678;0,662;0,702;0,679;0,573;0,528;0,643;0,798;0,863;0,769;0,700;0,573;0,394;0,676;0,598;0,703;0,559;0,774;0,688;0,569;0,605;0,510;0,755;0,586;0,519;0,569;0,583;0,554;0,475;0,597;0,588;0,998;0,480;0,606;0,754;0,622;0,362;0,537;0,464;0,545;0,629;0,398;0,519;0,554;0,550;0,568;0,582;0,512;0,750;0,782;0,406;0,206;0,762;0,393;0,498;0,408;0,761;0,492;0,619;0,415;0,369;0,488;0,277;0,367;0,412;0,398;0,530;0,392;0,447;0,690;0,564;0,515;0,638;0,398;0,369;0,588;0,753;0,632;0,555;0,730;0,826;0,908;0,942;1,318;2,214;6,944;25,850;61,891;108,993;155,542;152,812;113,578;52,291;21,880;9,157;5,626;5,567;6,952;6,978;8,339;9,268;11,230;12,651;15,268;15,283;17,587;19,649;21,681;24,029;28,187;28,820;32,452;35,562;37,716;40,066;42,654;46,715;51,510;53,281;57,651;60,162;64,735;66,778;69,928;74,390;75,975;82,861;81,712;84,678;89,563;91,998;93,122;94,891;98,974;100,756;106,798;105,600;109,752;112,686;114,215;116,034;119,506;120,632;122,485;126,495;125,030;130,677;128,524;131,565;134,853;130,928;136,395;135,507;134,764;134,888;137,358;135,250;136,609;133,962;133,548;132,667;132,013;131,696;131,572;129,302;126,816;130,524;127,013;126,577;127,737;130,222;125,057;122,473;122,347;119,367;120,206;118,051;113,950;114,305;115,887;111,351;110,203;110,208;109,909;108,288;103,737;99,599;102,506;98,894;96,463;97,411;93,355;91,323;90,254;88,638;87,054;86,138;84,919;82,530;82,187;77,851;77,314;74,836;73,769;72,107;71,823;70,239;66,952;66,235;65,588;64,652;61,709;60,936;58,947;60,142;56,966;54,073;55,105;52,271;52,651;49,737;48,614;47,791;46,741;45,441;44,955;43,459;41,054;42,262;41,783;38,883;38,142;36,862;36,795;37,234;32,981;32,642;31,142;32,404;28,965;29,351;31,046;29,697;27,982;27,075;25,225;25,413;24,751;24,449;25,024;24,338;23,321;23,736;20,992;20,894;19,594;20,713;18,509;19,465;18,593;17,819;17,741;17,154;18,409;16,971;16,461;15,332;15,317;13,966;13,850;14,017;13,903;12,848;13,006;13,350;11,771;12,348;10,865;11,441;10,897;12,087;9,782;10,881;9,342;9,756;9,629;8,713;9,979;8,984;8,618;8,360;7,932;8,698;7,008;8,592;7,609;7,424;7,203;6,824;6,684;6,681;7,294;5,592;6,802;5,863;5,860;6,464;5,380;6,032;4,762;5,505;4,615;5,101;4,963;3,976;5,076;3,906;4,844;4,859;4,034;3,961;4,388;3,320;4,464;3,934;4,743;3,634;3,682;4,239;3,019;3,034;3,738;3,231;3,563;3,086;3,342;2,752;3,085;2,739;3,290;3,372;2,753;2,856;3,317;2,523;2,625;2,293;2,712;3,434;2,633;1,721;1,679;1,721;2,670;2,702;2,344;2,066;2,151;1,906;2,022;1,596;2,012;1,986;2,018;1,653;2,063;2,694;1,890;1,796;1,710;2,043;1,908;1,789;1,975;1,470;1,737;1,439;1,317;1,739;1,727;1,591;1,364;2,170;1,721;1,662;1,865;1,891;1,402;1,645;1,306;2,063;1,696;1,840;1,896;1,881;1,995;1,372;2,031;2,065;1,803;1,756;1,822;1,946;2,272;2,657;1,200;1,696;2,002;2,171;1,684;2,039;2,297;1,564;1,669;2,110;2,185;1,786;2,614;1,523;1,657;1,972;1,614;1,798;1,967;1,921;1,895;1,449;2,338;1,465;1,985;2,666;1,978;1,560;2,283;1,889;2,932;1,142;2,099;1,575;1,742;2,318;2,341;1,152;1,817;2,175;3,541;2,328;3,348;2,066;2,814;2,705;
395;2,177;2,309;2,764;2,692;2,543;1,997;1,749;1,257;1,830;1,776;1,230;1,607;1,345;0,746;1,553;0,967;0,987;1,481;0,780;2,124;0,879;0,906;1,254;1,585;0,746;1,330;0,715;0,693;1,101;0,716;0,998;0,796;0,816;0,549;0,835;1,047;0,802;0,754;0,494;0,934;0,589;0,563;0,904;0,723;0,749;0,546;0,471;0,630;0,723;0,939;0,914;0,786;0,655;0,624;0,678;0,698;0,985;0,895;0,535;0,627;0,553;0,672;0,630;0,787;0,809;0,400;0,533;0,680;0,687;0,414;0,686;0,401;0,478;0,505;0,527;0,609;0,683;0,797;0,639;0,548;0,378;0,777;0,540;0,627;0,563;0,727;0,595;0,536;0,674;0,554;0,813;0,381;0,528;0,617;0,592;0,381;0,352;0,711;0,598;0,613;0,386;0,439;0,563;0,442;0,345;0,453;0,399;0,589;0,523;0,490;0,754;0,385;0,484;0,414;0,435;0,538;0,571;0,593;0,501;0,601;0,459;0,462;0,443;0,759;0,466;0,468;0,375;0,607;0,662;0,804;0,620;0,575;0,633;0,779;0,508;0,898;0,746;1,021;1,595;2,629;7,786;21,101;59,833;103,954;136,183;123,838;85,723;47,511;20,649;9,330;6,907;6,081;9,078;8,977;9,017;10,748;12,302;13,983;14,529;17,152;18,396;20,674;22,309;23,019;25,795;27,344;31,447;34,019;33,518;37,578;39,674;40,726;43,960;47,090;48,401;51,637;54,300;55,218;58,740;59,677;60,096;62,261;67,219;67,303;71,800;72,467;74,887;74,668;78,591;78,147;80,558;81,613;82,469;84,348;84,367;87,722;88,116;89,422;90,506;95,198;95,866;94,426;96,969;99,792;97,066;100,684;99,315;101,145;98,507;99,082;96,739;98,319;96,237;98,466;96,620;97,642;93,690;96,482;93,709;94,349;93,785;94,090;90,265;91,247;88,629;88,375;85,540;85,354;84,458;84,512;83,841;83,884;79,620;78,310;78,865;78,113;77,404;75,985;74,933;74,580;70,454;69,994;70,370;68,426;67,693;67,346;64,117;63,629;63,165;60,735;60,616;55,107;56,748;55,238;55,158;52,627;52,487;52,056;51,170;49,141;48,710;49,039;46,813;46,289;44,221;43,663;40,527;42,024;38,805;41,922;38,353;38,817;36,464;35,081;33,864;35,245;32,641;31,513;30,369;30,609;29,350;28,824;27,963;27,610;27,080;26,728;26,321;24,168;25,098;23,975;23,320;23,913;23,248;20,995;20,541;19,951;20,854;18,891;19,808;18,862;19,929;17,929;17,693;16,796;16,538;16,819;15,383;15,326;14,250;15,341;14,829;13,860;14,377;13,144;12,634;12,948;12,309;12,151;12,003;11,687;10,952;11,012;9,915;9,050;8,809;9,125;8,842;10,020;8,553;8,670;8,312;9,540;8,295;7,809;6,970;8,209;7,886;7,616;7,271;6,317;6,391;5,757;6,713;6,850;6,540;5,923;6,032;5,604;5,310;5,426;4,711;5,476;5,159;4,643;4,666;4,975;4,680;4,346;4,411;4,290;3,999;4,404;4,321;4,194;4,342;3,497;4,106;4,106;3,439;4,052;3,331;3,405;3,155;3,424;3,634;3,273;3,335;3,341;2,752;2,738;3,024;2,440;3,649;2,773;2,186;2,418;2,809;2,534;2,034;2,286;2,459;2,330;2,224;2,349;2,217;2,265;2,160;1,879;2,163;1,840;2,272;2,592;1,688;1,656;1,827;1,707;2,120;2,067;2,081;2,362;1,383;1,694;1,759;1,983;1,475;1,361;1,468;1,799;1,348;1,931;1,760;1,826;1,684;1,473;1,702;1,116;1,748;1,748;1,770;2,105;1,623;1,369;2,099;1,452;1,646;2,076;1,419;2,069;2,229;1,715;1,698;1,490;1,876;0,854;1,250;2,193;1,770;1,552;1,120;1,149;1,652;1,832;1,733;1,388;1,981;1,643;1,583;1,476;1,988;1,265;1,136;1,419;2,211;1,374;1,858;1,625;1,740;2,058;1,541;1,211;1,616;2,410;0,932;2,156;1,509;2,157;1,380;2,084;2,511;1,649;2,516;1,622;1,563;1,894;1,876;1,685;1,449;1,914;1,732;2,756;2,389;1,491;3,085;1,557;2,417;1,490;3,081;2,777;2,355;2,112;2,764;
400;3,082;2,051;2,449;1,906;1,494;1,259;1,074;2,311;1,839;1,960;1,450;1,547;1,590;1,488;1,735;1,365;1,184;1,534;1,088;0,973;0,993;1,187;0,967;0,737;0,964;1,152;0,837;0,929;1,221;0,443;0,583;0,947;0,727;1,087;0,766;0,783;0,969;0,826;0,569;0,974;0,652;0,898;0,235;0,631;0,759;0,629;0,872;0,990;0,500;0,671;0,669;0,326;0,598;0,884;0,728;0,241;0,716;0,727;0,684;0,431;0,600;0,884;0,745;0,468;0,501;0,635;0,650;0,404;0,584;0,500;0,708;0,422;0,434;0,413;0,335;0,701;0,346;0,417;0,598;0,498;0,653;0,467;0,760;0,441;0,557;0,534;0,513;0,356;0,372;0,385;0,445;0,350;0,600;0,658;0,470;0,564;0,513;0,241;0,472;0,398;0,407;0,451;0,428;0,383;0,545;0,436;0,520;0,216;0,442;0,267;0,339;0,335;0,513;0,529;0,443;0,471;0,601;0,416;0,378;0,643;0,463;0,480;0,521;0,380;0,449;0,332;0,425;0,393;0,274;0,385;0,509;0,507;0,509;0,465;0,682;0,526;0,617;0,644;0,777;0,621;0,760;0,809;1,039;1,424;2,788;7,850;25,631;61,880;107,218;138,320;137,322;90,226;47,211;20,839;9,253;6,735;7,314;7,239;8,810;9,465;11,439;11,876;13,556;13,977;15,427;16,944;19,495;20,172;20,722;22,923;24,178;25,267;25,996;29,488;29,190;31,123;34,857;36,501;38,426;38,453;38,421;40,964;43,748;43,507;46,683;45,751;46,953;48,214;51,354;50,948;53,096;53,934;53,904;56,818;57,692;57,806;58,275;61,662;62,560;61,982;62,924;65,601;65,266;65,166;67,478;66,314;65,765;66,904;68,807;68,586;69,509;69,085;68,717;71,121;68,919;70,143;68,348;69,228;66,444;66,088;65,637;66,384;64,828;64,790;63,532;61,718;62,260;61,703;61,366;59,871;59,932;60,056;57,120;58,047;56,824;57,045;57,219;54,507;54,371;53,181;50,723;51,950;50,863;49,642;48,365;47,950;49,175;46,374;45,921;43,795;44,137;41,860;42,121;40,212;41,291;39,910;38,896;39,063;37,011;37,196;37,856;35,303;34,813;34,380;32,958;31,564;30,717;32,470;30,595;30,464;29,784;28,044;25,934;26,331;27,980;25,282;23,567;25,341;23,380;23,776;23,373;21,819;20,977;21,242;19,550;20,670;19,253;18,571;19,423;18,651;17,841;18,849;16,837;16,959;15,761;16,088;14,843;14,697;15,334;14,844;13,346;13,698;13,079;12,124;12,974;12,497;11,717;11,575;10,442;10,165;10,159;9,626;9,875;10,765;10,019;8,752;10,213;8,706;8,091;8,615;8,599;8,244;8,659;7,928;8,669;7,890;7,691;6,351;6,039;6,435;7,025;6,512;5,899;5,670;5,996;6,197;5,199;5,448;5,772;5,852;4,863;5,126;4,411;5,548;4,656;4,502;4,016;4,616;4,983;4,802;4,247;3,818;4,443;3,866;3,756;3,969;3,947;3,666;3,639;3,613;3,470;3,202;3,336;3,207;2,843;2,720;2,779;3,446;2,691;2,834;3,415;2,746;3,224;2,990;3,149;2,675;3,263;2,889;2,599;2,951;2,567;2,596;2,776;2,325;1,865;2,467;2,053;2,581;2,415;2,013;1,899;1,995;1,939;1,814;1,461;1,893;1,940;1,505;2,154;1,856;2,292;1,720;1,977;1,325;2,146;2,053;2,057;1,782;1,348;1,911;1,870;1,375;1,909;1,566;1,470;1,448;1,139;1,803;1,719;1,348;1,843;1,590;1,415;1,110;1,501;1,643;1,547;1,390;1,781;0,959;1,305;1,092;1,170;1,150;1,462;1,325;1,097;1,073;1,099;1,484;1,315;1,530;2,200;1,553;1,631;1,673;1,809;1,780;1,659;1,128;1,080;1,395;1,028;0,948;1,671;1,593;1,297;1,393;1,339;1,597;1,205;1,405;1,678;1,668;1,194;2,210;1,499;1,533;1,637;1,285;0,699;1,532;1,051;1,897;1,950;1,885;2,164;1,917;1,811;1,489;1,751;2,023;2,363;1,839;1,001;1,819;1,558;1,076;2,018;2,114;1,697;1,712;1,542;2,186;1,314;1,766;2,058;3,085;2,318;1,719;2,232;
405;2,506;1,306;1,913;1,744;0,962;2,239;1,696;2,402;1,387;1,678;1,240;1,529;1,162;1,500;1,480;0,771;1,255;0,912;0,927;1,064;0,864;1,069;0,919;0,601;0,840;0,529;1,060;0,796;0,719;0,707;0,679;1,123;0,558;0,636;1,014;0,765;0,497;1,011;0,839;0,492;0,518;0,630;0,877;0,599;0,636;0,788;0,790;0,653;0,739;0,478;0,412;0,718;0,397;0,502;0,756;0,725;0,706;0,627;0,467;0,604;0,486;0,722;0,491;0,714;0,474;0,675;0,669;0,662;0,395;0,566;0,575;0,639;0,604;0,643;0,481;0,552;0,713;0,350;0,627;0,581;0,506;0,735;0,560;0,385;0,478;0,414;0,580;0,451;0,409;0,500;0,627;0,445;0,470;0,449;0,385;0,444;0,445;0,538;0,609;0,529;0,512;0,325;0,490;0,518;0,347;0,435;0,363;0,458;0,559;0,324;0,542;0,516;0,577;0,298;0,301;0,512;0,657;0,380;0,485;0,474;0,438;0,360;0,295;0,574;0,621;0,387;0,571;0,541;0,551;0,238;0,426;0,476;0,418;0,480;0,467;0,376;0,511;0,283;0,678;0,590;0,716;0,678;0,772;0,963;1,023;0,953;1,229;1,584;1,562;2,956;6,240;24,173;60,270;112,551;144,842;131,282;96,448;49,352;20,292;10,050;7,446;7,178;7,962;8,468;8,767;9,830;10,718;11,725;11,738;14,424;13,878;14,615;17,574;17,185;18,196;18,876;19,785;20,924;23,135;23,733;24,745;25,422;25,667;27,920;28,230;29,240;30,694;30,095;32,012;34,647;34,243;36,180;35,767;36,513;36,452;38,730;39,859;41,109;40,418;41,925;42,797;43,172;42,578;44,309;43,567;43,973;46,241;43,673;46,012;46,684;47,751;46,794;47,054;48,675;47,489;48,134;48,380;46,693;49,277;49,600;48,390;48,658;47,908;45,863;46,378;46,594;43,834;43,783;44,980;45,875;43,903;43,014;42,212;42,224;41,595;41,361;40,056;41,496;39,585;39,847;38,450;38,682;35,991;35,771;35,631;35,478;34,961;33,859;32,658;34,247;31,771;32,094;30,194;28,938;31,407;29,115;29,560;28,572;27,676;27,743;26,192;26,030;24,195;25,514;24,687;24,776;23,285;23,319;22,819;21,591;22,457;21,278;20,699;20,606;20,538;18,633;19,488;18,289;17,372;19,219;17,538;17,287;16,866;16,492;15,490;15,250;15,534;14,170;13,534;13,811;13,069;13,600;12,569;12,373;11,844;12,727;12,210;11,180;11,219;10,644;10,357;11,362;9,919;10,024;9,461;9,320;8,887;9,776;9,135;8,998;8,780;8,902;7,518;8,357;7,892;7,117;7,132;7,222;6,341;6,174;6,117;6,406;6,720;6,068;6,047;5,395;5,860;5,103;5,358;5,309;5,924;5,373;5,348;5,024;4,314;4,656;4,839;4,417;5,068;4,507;4,322;4,236;4,186;4,257;3,483;3,935;3,434;2,912;3,739;3,339;3,765;3,621;3,861;3,144;3,108;2,961;3,288;3,602;3,174;3,062;2,834;2,880;2,750;2,835;2,974;2,007;2,895;2,828;2,643;2,541;2,223;2,186;2,355;2,888;2,379;2,057;2,402;2,381;2,719;1,561;2,434;1,894;1,731;1,476;2,442;2,292;1,561;1,932;1,807;1,781;1,990;1,873;1,586;1,905;1,724;1,813;1,603;1,709;1,105;1,311;1,316;1,720;1,332;1,247;1,377;1,193;1,342;1,500;1,020;1,242;1,625;1,426;1,575;1,661;1,477;1,575;1,218;1,311;1,201;1,502;1,538;1,590;0,991;1,516;1,157;1,023;1,572;1,204;2,352;1,432;1,349;1,842;1,273;1,215;1,000;1,404;1,786;2,183;1,555;1,746;1,702;1,043;1,611;1,110;1,255;1,365;1,286;1,430;1,163;1,538;1,310;1,597;1,515;1,708;1,318;1,245;1,723;1,598;2,133;1,433;1,852;1,766;1,979;1,969;1,057;1,620;1,205;1,239;1,272;1,335;1,086;2,058;1,288;1,030;1,578;1,654;1,666;1,384;0,843;1,744;1,558;2,210;1,161;2,221;1,705;2,417;2,109;2,205;1,673;1,944;1,380;1,522;2,492;2,069;0,866;1,536;1,558;1,922;2,873;2,101;1,816;
410;2,509;2,378;1,294;1,882;2,077;1,572;1,805;1,907;1,484;1,234;1,258;1,463;1,378;1,796;1,137;1,480;1,509;1,228;1,204;0,635;1,309;0,909;1,001;0,895;1,157;1,004;0,785;0,834;0,359;0,935;0,726;0,790;0,544;0,543;0,970;0,819;0,514;0,617;0,710;0,649;0,925;0,759;0,656;0,552;1,144;0,618;0,471;0,684;0,667;0,693;0,431;0,419;0,868;0,419;0,541;0,866;0,956;0,382;0,600;0,563;0,317;0,587;0,630;0,417;0,411;0,325;0,522;0,641;0,505;0,463;0,564;0,466;0,486;0,259;0,559;0,435;0,491;0,411;0,489;0,458;0,297;0,557;0,659;0,394;0,451;0,473;0,524;0,410;0,256;0,634;0,352;0,279;0,496;0,421;0,465;0,490;0,429;0,549;0,407;0,384;0,560;0,310;0,421;0,370;0,303;0,289;0,578;0,400;0,532;0,491;0,264;0,355;0,469;0,304;0,408;0,382;0,225;0,261;0,376;0,474;0,411;0,408;0,402;0,466;0,328;0,257;0,399;0,423;0,471;0,543;0,303;0,357;0,452;0,415;0,338;0,355;0,667;0,398;0,535;0,476;0,392;0,389;0,757;0,706;0,467;0,648;0,688;0,843;0,863;1,104;1,126;1,229;1,334;1,554;3,407;8,721;24,977;76,813;124,057;141,322;126,347;79,020;42,100;18,506;8,043;6,515;5,631;6,816;7,390;7,848;7,866;8,494;8,768;9,355;11,341;11,310;11,383;12,705;13,565;12,561;15,230;13,764;14,930;15,872;16,605;17,876;18,872;19,609;20,237;20,130;20,635;21,854;22,420;23,455;23,040;25,079;25,016;25,031;27,017;27,494;26,809;26,887;28,389;29,046;29,252;29,093;31,100;31,159;30,386;29,742;30,923;31,462;31,754;32,195;30,360;31,806;32,843;33,915;32,272;33,708;34,496;33,623;35,652;34,120;33,469;34,399;33,940;33,772;33,685;33,338;32,404;31,493;31,484;30,200;31,353;29,887;29,812;30,893;29,051;29,378;28,780;27,414;27,932;26,263;26,089;26,831;26,313;24,608;24,637;23,681;24,414;23,743;22,421;22,551;23,037;20,478;21,058;22,233;20,194;20,844;19,835;19,973;19,503;18,536;19,427;17,981;17,941;16,577;16,276;17,676;17,524;16,320;15,628;15,540;15,323;15,680;14,042;14,920;12,312;13,428;12,755;13,074;12,394;12,050;12,119;11,960;11,580;11,094;11,807;10,627;10,880;11,006;10,579;9,797;9,052;9,157;9,220;9,146;9,071;8,152;7,715;8,147;7,565;7,505;6,545;7,383;6,719;7,784;7,261;7,075;6,840;6,336;6,671;6,877;6,672;6,078;5,349;6,064;6,119;5,773;5,302;5,489;5,093;4,978;4,808;5,308;4,893;5,259;4,252;3,954;4,135;4,400;3,918;3,754;3,603;4,294;3,677;3,493;3,547;3,268;3,140;3,482;3,528;3,318;3,303;3,603;3,481;3,281;2,805;3,461;2,473;2,733;2,818;3,249;2,286;3,202;2,849;2,653;2,819;2,897;2,143;2,310;2,091;2,102;2,215;2,432;2,339;1,825;2,266;2,121;2,142;1,708;2,130;1,952;2,204;2,345;1,605;1,488;1,683;1,768;1,911;2,432;1,936;1,648;1,555;1,813;1,663;1,285;1,971;2,050;1,507;1,521;1,802;1,476;1,596;1,127;1,384;1,516;1,134;1,481;1,741;1,594;1,943;1,708;1,770;1,226;0,886;1,249;1,431;1,520;1,014;1,413;1,255;1,267;1,287;1,216;1,028;1,174;1,041;1,338;1,321;1,134;0,907;1,855;1,158;0,773;1,013;1,371;1,315;0,768;1,663;1,188;1,347;1,121;1,182;1,250;1,258;1,363;1,611;1,231;1,310;1,142;1,224;1,463;0,789;1,314;1,957;0,783;1,064;0,992;1,224;1,408;1,884;1,472;1,672;1,226;1,809;1,365;1,430;1,910;1,480;1,612;1,539;1,145;1,482;1,634;1,283;1,501;2,024;1,834;1,537;1,197;1,355;1,205;1,244;1,110;1,723;1,836;1,781;1,536;1,547;2,254;1,430;2,113;1,461;1,995;2,324;1,882;1,110;1,556;1,819;1,511;2,234;1,488;2,168;1,880;1,051;1,909;1,924;2,162;1,550;
415;2,232;1,114;2,620;1,602;2,016;1,581;2,187;1,374;1,369;1,501;1,830;1,704;1,145;1,042;0,821;1,303;0,857;0,857;1,085;0,701;1,008;0,937;0,628;0,978;0,955;0,857;0,681;0,949;0,767;0,752;0,705;0,665;0,892;0,740;0,834;0,918;0,612;0,834;0,930;0,701;0,962;0,860;0,518;0,568;0,742;0,628;0,664;0,564;0,461;0,770;0,757;0,714;0,563;0,685;0,589;0,757;0,572;0,670;0,609;0,478;0,541;0,495;0,471;0,636;0,566;0,515;0,484;0,605;0,415;0,517;0,399;0,414;0,422;0,560;0,580;0,592;0,421;0,743;0,357;0,394;0,277;0,474;0,536;0,468;0,535;0,722;0,637;0,284;0,545;0,601;0,377;0,524;0,513;0,479;0,601;0,366;0,402;0,565;0,556;0,277;0,467;0,444;0,520;0,374;0,309;0,478;0,529;0,378;0,366;0,255;0,429;0,488;0,376;0,436;0,447;0,581;0,310;0,525;0,398;0,547;0,472;0,312;0,293;0,442;0,468;0,312;0,538;0,367;0,430;0,537;0,421;0,452;0,296;0,425;0,487;0,465;0,345;0,405;0,425;0,400;0,621;0,483;0,471;0,630;0,561;0,521;0,487;0,652;0,713;0,558;0,749;0,703;0,833;0,724;0,864;0,933;1,584;1,557;1,666;2,081;7,164;20,581;49,706;93,563;124,724;118,365;75,056;40,712;18,457;7,396;4,993;5,424;4,879;5,194;5,846;6,397;5,934;6,726;6,710;7,403;8,245;8,489;8,423;8,952;9,894;10,004;10,560;10,937;11,060;12,191;12,527;13,605;13,615;14,119;15,599;15,087;15,599;15,289;16,259;17,044;17,231;18,355;17,814;19,125;19,407;19,662;18,852;20,120;20,546;20,800;21,499;21,944;22,369;22,251;22,337;21,768;23,420;22,296;23,830;22,056;24,278;23,106;23,212;24,258;23,731;23,915;23,788;24,378;23,694;23,099;24,228;23,807;24,439;24,286;24,389;22,956;22,733;21,553;20,631;22,491;20,395;20,965;20,519;18,684;18,051;19,690;19,934;18,460;18,448;19,064;17,813;16,279;17,446;17,037;17,801;17,839;16,130;16,625;15,592;14,399;15,188;14,360;14,146;15,295;14,325;13,609;14,149;13,234;13,694;12,910;12,979;12,821;12,398;12,366;12,191;11,158;10,693;10,631;10,147;10,859;10,516;10,241;10,178;9,439;9,859;9,267;9,517;8,988;9,262;7,617;9,172;8,398;8,156;7,871;6,913;6,831;7,116;6,677;6,800;6,622;6,146;6,358;6,454;6,141;5,823;6,502;5,567;6,280;5,465;5,822;5,261;4,910;4,963;4,649;5,694;4,469;4,504;5,222;4,074;4,420;4,633;4,926;4,211;4,166;3,838;3,508;3,648;4,332;3,945;3,120;3,303;3,952;3,363;2,821;2,682;3,049;2,984;2,957;3,212;2,396;2,470;2,855;2,885;3,693;2,470;2,583;2,353;2,353;2,771;2,620;2,059;2,382;2,443;2,317;2,449;2,515;2,388;2,427;2,613;2,188;1,807;2,257;1,968;2,265;1,608;1,797;1,861;2,063;2,064;1,967;1,750;2,140;2,120;2,070;1,975;1,934;1,901;1,899;1,752;1,285;1,617;1,558;1,437;1,912;1,570;1,878;1,545;1,490;1,638;1,727;1,407;1,636;1,087;1,387;1,634;1,336;1,141;1,290;1,220;1,013;1,307;1,197;1,653;1,314;1,317;1,360;1,216;1,157;0,998;1,252;1,449;1,328;0,741;1,745;1,318;1,307;1,229;1,184;1,181;0,907;0,854;0,777;0,949;1,270;0,846;1,236;1,041;1,356;1,115;1,486;1,422;1,072;1,361;1,152;0,903;1,472;1,380;1,391;0,935;1,129;0,955;1,170;1,618;0,554;1,284;1,368;1,237;1,389;1,751;1,572;1,808;0,783;1,444;1,555;1,532;1,626;1,322;1,173;1,254;0,927;1,643;0,687;0,905;1,358;1,489;1,192;1,661;1,652;1,819;1,548;1,548;1,316;1,813;1,837;2,103;2,206;1,952;1,723;1,376;1,198;1,303;1,504;1,595;1,837;1,143;2,360;1,214;0,957;1,162;1,881;2,725;2,339;1,251;1,261;1,500;1,491;1,529;1,329;1,824;1,601;1,238;
420;2,127;2,415;2,143;1,096;1,478;1,910;1,575;0,790;1,499;1,039;1,244;2,037;1,258;0,962;0,977;0,772;1,120;1,240;0,887;0,969;0,892;0,702;0,953;0,727;0,790;1,186;0,919;1,024;1,133;0,908;0,574;0,932;0,656;0,816;0,858;0,589;0,631;0,964;0,598;0,994;0,549;0,835;0,652;0,473;0,786;0,391;0,793;0,601;0,681;0,822;0,686;0,498;0,713;0,705;0,585;0,625;0,532;0,507;0,646;0,852;0,630;0,526;0,598;0,503;0,702;0,429;0,818;0,473;0,405;0,627;0,551;0,618;0,532;0,479;0,578;0,752;0,576;0,451;0,319;0,374;0,418;0,544;0,431;0,331;0,453;0,674;0,597;0,510;0,438;0,368;0,551;0,410;0,437;0,430;0,442;0,567;0,281;0,543;0,464;0,491;0,425;0,434;0,598;0,399;0,265;0,518;0,408;0,455;0,607;0,489;0,588;0,548;0,370;0,517;0,273;0,403;0,243;0,379;0,320;0,388;0,524;0,476;0,352;0,504;0,316;0,433;0,325;0,497;0,418;0,373;0,293;0,344;0,351;0,364;0,344;0,328;0,411;0,430;0,416;0,369;0,535;0,540;0,312;0,422;0,367;0,671;0,448;0,739;0,537;0,453;0,448;0,525;0,565;0,752;0,823;0,797;0,916;0,807;0,790;1,051;0,987;1,049;1,235;1,544;2,639;5,691;21,163;57,159;104,939;134,823;121,420;84,001;40,307;16,170;6,129;4,137;3,440;3,496;4,161;3,845;4,794;4,550;5,130;5,242;6,139;6,395;5,648;6,377;7,004;6,920;7,635;8,032;7,850;9,001;8,949;9,242;10,238;10,478;10,621;11,053;11,520;11,709;12,451;12,874;13,456;13,537;13,058;13,694;14,470;15,033;14,977;14,583;15,372;14,855;15,260;16,082;16,621;15,965;15,528;15,288;15,691;16,450;17,589;16,460;17,117;16,454;17,584;17,091;17,421;16,346;16,516;16,122;16,776;15,956;17,091;16,444;16,751;16,773;16,422;16,670;17,406;15,977;16,318;16,210;16,120;14,965;14,495;14,514;14,259;14,344;13,141;13,380;13,510;13,001;13,514;12,535;12,535;12,765;12,766;11,910;12,061;12,031;11,647;11,186;11,566;10,875;11,411;11,194;9,685;10,147;10,428;10,438;9,714;8,722;9,229;9,128;8,554;8,841;9,258;8,374;8,821;8,396;8,401;7,521;8,086;7,725;7,249;7,564;7,032;7,232;6,440;6,530;6,436;6,770;5,897;5,946;6,568;5,850;5,418;5,268;5,161;5,063;5,719;5,396;5,250;5,081;5,198;5,025;4,358;5,116;4,445;4,562;3,938;4,035;4,102;4,095;4,089;3,611;3,252;3,548;3,799;3,298;3,920;3,351;3,490;3,972;3,365;3,247;3,840;3,303;3,278;3,460;2,592;2,826;3,071;3,003;2,768;2,867;2,552;2,890;2,034;2,740;2,532;2,651;2,710;2,018;2,252;2,454;2,241;2,825;1,997;1,921;2,010;1,939;2,046;2,306;1,672;1,936;1,925;2,003;1,883;1,649;1,849;1,917;1,978;1,903;2,012;1,858;1,717;1,989;1,698;1,682;2,394;1,717;1,884;1,835;1,424;2,071;2,067;1,779;1,602;1,510;0,888;1,385;1,526;1,546;1,404;1,321;1,452;1,226;1,588;1,414;1,206;0,865;1,050;0,949;0,981;1,141;1,408;0,890;1,312;1,224;1,338;1,257;1,209;1,283;0,998;1,448;1,036;1,434;1,396;1,473;1,560;1,005;1,223;0,950;1,275;1,061;1,288;0,953;1,283;1,451;1,088;1,161;0,895;1,288;1,321;1,259;1,083;1,247;1,290;1,457;1,586;1,393;1,130;1,145;1,359;1,638;1,536;1,229;1,156;1,407;0,898;1,446;1,065;1,333;1,223;1,266;0,720;1,056;1,263;1,387;0,961;1,105;1,286;1,057;1,466;1,871;1,327;1,424;1,068;1,178;1,181;1,646;1,625;1,430;0,791;2,129;1,291;1,325;1,269;1,250;1,368;1,514;1,869;1,671;1,418;0,937;1,176;1,669;2,099;2,124;0,961;1,668;1,724;1,360;2,625;1,423;1,603;2,188;1,485;1,592;1,437;2,473;1,989;1,761;2,071;1,434;1,605;1,615;1,859;
425;2,123;1,478;2,265;1,612;1,701;1,480;2,016;1,469;1,393;1,733;0,944;0,721;1,574;1,178;1,123;0,928;0,700;0,384;0,701;1,118;0,690;1,165;0,925;0,911;0,959;0,840;0,950;0,722;0,531;0,742;0,624;0,569;0,888;0,850;1,039;0,841;0,584;0,707;0,385;0,989;1,002;0,485;0,658;0,734;0,454;0,581;0,567;0,662;0,791;0,639;0,541;0,533;0,618;0,620;0,600;0,520;0,522;0,461;0,456;0,519;0,512;0,544;0,572;0,497;0,673;0,543;0,609;0,462;0,582;0,445;0,645;0,399;0,462;0,474;0,643;0,579;0,440;0,463;0,651;0,397;0,596;0,582;0,704;0,501;0,675;0,439;0,553;0,538;0,322;0,522;0,503;0,512;0,488;0,631;0,548;0,445;0,642;0,312;0,542;0,577;0,321;0,477;0,399;0,408;0,462;0,413;0,407;0,399;0,405;0,482;0,400;0,332;0,403;0,439;0,341;0,461;0,460;0,394;0,288;0,334;0,321;0,344;0,301;0,453;0,514;0,254;0,328;0,455;0,332;0,216;0,318;0,502;0,469;0,431;0,360;0,438;0,397;0,271;0,174;0,482;0,612;0,393;0,524;0,622;0,381;0,504;0,324;0,641;0,438;0,615;0,547;0,464;0,244;0,443;0,590;0,557;0,461;0,627;0,539;0,701;0,762;0,730;0,763;0,820;0,831;0,909;0,793;1,201;1,490;2,104;6,066;17,028;49,115;103,787;147,653;144,042;94,738;47,852;16,592;5,771;3,134;2,710;2,950;3,029;3,963;3,652;3,729;4,031;4,256;4,017;4,957;4,781;5,139;5,219;5,625;5,949;5,728;6,992;7,076;7,343;7,402;7,369;7,870;7,842;8,987;8,392;9,153;9,170;9,356;9,694;10,652;10,430;10,992;11,543;11,212;11,081;11,176;11,792;12,310;11,778;11,969;11,761;12,331;12,182;11,761;11,138;12,892;12,391;11,646;12,994;12,249;12,118;12,040;12,471;12,687;12,296;13,114;11,535;11,958;12,053;12,292;11,695;12,318;11,582;12,459;11,749;11,824;12,052;12,541;12,566;12,090;11,007;11,410;11,263;10,468;10,902;10,453;9,675;9,954;9,139;9,268;9,655;9,197;8,680;9,049;9,414;8,141;8,808;8,871;8,532;7,750;7,320;7,674;7,443;7,318;7,649;7,087;6,748;7,082;6,528;5,548;6,774;6,167;5,803;6,129;6,096;5,583;5,966;5,946;5,726;5,629;5,736;5,638;5,363;4,922;5,579;5,141;4,644;5,116;4,424;4,768;4,752;4,222;4,470;4,098;4,846;3,912;3,561;4,543;4,029;3,563;3,688;4,001;3,486;4,071;3,279;3,913;3,543;3,240;3,412;3,027;3,267;2,551;2,959;3,218;3,247;3,079;2,613;2,717;2,575;2,714;2,557;2,263;2,661;2,165;2,591;2,459;2,611;2,284;2,355;1,787;1,893;2,091;2,389;2,409;2,431;1,822;1,955;1,929;2,234;1,930;1,971;2,211;1,214;1,924;1,723;1,951;1,563;1,734;1,642;1,605;1,542;1,691;1,554;1,892;1,804;1,466;1,999;1,675;1,393;1,870;1,711;1,420;1,620;2,236;1,321;1,902;1,903;1,639;1,418;1,585;1,246;1,536;1,751;1,285;1,604;1,404;1,425;1,535;0,763;1,180;1,205;0,980;1,240;1,119;1,450;1,364;1,343;1,855;1,363;1,041;1,194;1,450;1,345;1,228;1,177;1,261;1,141;0,997;1,317;1,324;1,301;0,992;0,812;1,271;0,761;1,135;1,288;1,115;1,103;0,990;1,309;1,227;1,260;1,453;0,991;1,467;1,523;1,354;1,167;0,831;1,315;1,260;1,568;1,439;1,591;1,326;0,924;0,912;1,254;1,215;1,002;1,353;1,224;1,210;0,879;1,094;0,943;1,518;1,352;1,229;1,134;0,569;2,247;0,834;1,054;1,550;1,285;2,101;1,812;0,977;1,562;0,884;1,538;1,648;1,210;1,343;1,311;1,311;1,141;1,470;1,604;1,144;1,309;1,860;1,513;1,747;0,992;1,284;1,570;1,601;1,742;1,373;1,610;2,139;1,677;1,067;1,351;1,837;1,116;1,934;1,996;1,321;1,993;1,538;1,954;1,755;1,372;2,285;2,050;0,765;
430;1,907;1,612;1,623;2,173;1,394;1,611;1,511;1,771;1,840;1,471;1,358;1,752;1,555;0,717;1,184;1,292;0,946;1,030;1,049;1,060;0,759;1,029;0,670;1,051;1,172;0,871;0,610;1,114;0,700;0,615;0,794;1,011;0,871;1,102;0,807;0,782;0,525;0,802;0,748;0,347;0,945;0,628;0,621;0,499;0,777;0,582;0,572;0,474;0,917;0,792;0,529;0,789;0,629;0,732;0,785;0,425;0,403;0,634;0,801;0,226;0,769;0,485;0,469;0,666;0,411;0,313;0,455;0,443;0,542;0,658;0,414;0,791;0,695;0,870;0,510;0,454;0,406;0,600;0,529;0,474;0,494;0,537;0,337;0,491;0,452;0,580;0,354;0,585;0,584;0,470;0,318;0,366;0,321;0,588;0,395;0,434;0,431;0,775;0,466;0,398;0,451;0,306;0,328;0,475;0,430;0,497;0,410;0,337;0,406;0,507;0,508;0,446;0,320;0,389;0,381;0,207;0,384;0,476;0,511;0,438;0,523;0,348;0,426;0,295;0,408;0,422;0,350;0,572;0,612;0,252;0,405;0,310;0,284;0,506;0,401;0,507;0,266;0,256;0,381;0,361;0,509;0,242;0,376;0,324;0,406;0,352;0,592;0,342;0,258;0,285;0,366;0,366;0,375;0,393;0,399;0,598;0,340;0,475;0,411;0,503;0,516;0,316;0,429;0,590;0,675;0,393;0,509;0,737;0,619;0,672;0,848;0,865;1,016;1,288;1,612;5,167;18,114;45,766;97,321;146,595;158,985;119,770;63,456;28,773;10,592;3,933;2,619;2,235;2,731;2,637;2,793;2,885;3,197;3,192;3,541;3,924;4,252;4,683;4,261;4,586;5,092;4,888;5,779;6,021;5,873;5,689;5,913;6,567;5,966;6,703;7,279;7,515;7,467;7,774;8,051;8,426;8,035;7,662;8,635;8,232;9,004;8,680;9,234;9,398;8,529;8,535;9,552;9,659;9,101;8,879;8,996;8,849;8,608;8,880;9,549;8,950;8,922;9,232;8,886;8,733;9,047;9,074;8,438;8,866;8,896;9,291;8,721;8,731;9,174;9,232;9,144;9,471;9,004;9,118;9,020;9,307;8,677;8,325;9,035;7,577;7,956;7,960;7,189;6,861;7,228;6,482;6,952;6,942;6,494;6,200;6,391;6,223;6,253;5,971;6,081;5,583;6,261;6,005;5,553;5,740;5,487;5,555;5,909;4,549;4,938;4,352;4,946;4,732;4,431;4,676;4,421;5,042;4,251;4,525;4,804;4,503;4,349;4,059;4,323;3,754;3,513;4,119;3,357;3,537;3,606;3,514;3,632;4,367;3,452;2,822;3,255;3,105;3,293;3,390;3,174;2,587;3,303;3,205;2,675;2,826;2,979;2,386;2,451;2,379;2,985;3,166;2,855;2,552;2,250;2,412;2,869;2,634;2,016;2,634;2,232;2,230;2,493;1,948;2,055;2,228;2,123;1,983;1,934;2,340;2,165;2,204;1,838;1,883;1,813;2,098;1,855;1,372;1,510;2,092;2,017;1,438;1,685;1,690;1,785;1,362;1,121;1,415;1,777;1,398;1,685;1,834;1,758;1,441;1,328;1,202;1,607;1,184;1,493;1,349;1,616;1,579;1,132;1,827;1,051;1,180;1,737;1,458;1,452;1,087;1,319;1,505;1,162;1,857;1,327;1,123;1,231;1,445;1,325;0,965;0,878;1,371;1,235;1,084;1,229;1,496;1,786;1,070;0,873;1,050;1,074;1,016;0,946;1,058;1,100;0,895;0,829;1,233;0,929;1,271;0,914;1,217;0,843;0,871;1,198;1,083;1,148;1,671;1,132;1,322;1,061;1,211;1,194;1,179;0,738;1,279;1,418;1,354;0,903;1,243;0,635;1,263;1,313;0,882;1,589;0,710;0,868;1,131;1,325;1,687;1,068;1,088;1,511;1,650;1,042;0,909;1,423;0,831;1,593;1,338;1,481;1,695;1,169;1,404;2,141;1,338;1,910;1,350;1,273;1,262;1,663;1,402;1,147;0,996;1,168;1,307;1,307;1,446;1,909;1,157;1,333;1,696;1,534;1,482;1,374;1,533;1,084;1,185;1,304;1,463;1,890;1,690;1,229;0,985;1,664;2,249;1,719;1,093;1,040;1,445;1,937;2,064;1,721;1,291;1,651;1,361;2,125;
435;2,711;1,780;1,848;2,051;1,402;1,453;2,140;1,371;1,500;0,984;1,003;1,245;0,966;0,892;0,936;0,756;1,394;1,385;1,193;0,887;0,763;1,238;1,047;0,967;1,239;0,697;0,568;0,770;0,962;1,262;0,932;0,570;0,863;0,629;0,937;0,598;0,476;0,678;0,437;0,769;0,482;0,688;0,616;0,410;0,649;0,809;0,460;0,795;0,742;0,731;0,588;0,514;0,351;0,731;0,430;0,544;0,688;0,931;0,613;0,525;0,570;0,500;0,442;0,475;0,482;0,647;0,342;0,514;0,514;0,748;0,479;0,410;0,588;0,480;0,425;0,298;0,714;0,505;0,456;0,576;0,532;0,510;0,403;0,366;0,578;0,478;0,576;0,347;0,404;0,546;0,332;0,363;0,268;0,719;0,410;0,409;0,499;0,330;0,340;0,360;0,506;0,267;0,433;0,450;0,458;0,226;0,328;0,466;0,481;0,514;0,330;0,540;0,223;0,380;0,466;0,372;0,490;0,329;0,524;0,415;0,402;0,254;0,408;0,420;0,374;0,341;0,336;0,406;0,304;0,259;0,455;0,463;0,391;0,596;0,269;0,407;0,415;0,521;0,415;0,275;0,369;0,519;0,302;0,441;0,406;0,435;0,535;0,278;0,326;0,357;0,318;0,503;0,421;0,561;0,538;0,415;0,465;0,398;0,475;0,624;0,437;0,525;0,263;0,459;0,530;0,473;0,540;0,488;0,486;0,483;0,623;0,553;0,428;0,644;0,644;0,542;0,672;0,790;1,033;2,200;6,458;23,174;52,997;86,732;109,067;98,653;79,939;48,982;17,959;5,259;2,271;2,127;2,023;2,527;2,118;2,525;2,721;2,633;2,952;3,509;3,160;3,352;3,769;3,925;4,216;4,057;4,711;4,388;4,309;4,940;5,419;5,039;5,182;5,481;5,637;5,703;5,395;5,596;5,798;6,211;6,515;6,406;6,844;5,959;6,627;6,795;6,054;6,699;7,447;6,941;6,592;6,784;6,975;6,473;6,967;6,923;6,636;7,071;6,288;5,976;6,679;6,538;6,680;6,439;6,468;6,592;6,727;6,286;6,541;6,118;6,634;6,591;7,356;6,884;7,191;7,293;6,840;7,134;6,805;6,997;6,857;7,406;6,369;6,301;6,119;6,198;5,520;5,184;5,643;5,837;5,027;4,708;5,299;5,257;5,571;5,084;5,152;4,452;4,906;4,262;4,300;4,325;4,606;4,152;4,621;4,286;3,952;4,506;4,424;4,071;3,857;3,927;4,046;3,748;3,225;3,838;4,001;3,068;3,760;3,060;3,230;3,213;3,102;3,438;3,360;3,141;3,111;3,204;2,751;3,145;3,020;2,830;3,093;2,913;2,422;2,533;2,308;2,661;2,540;2,116;2,475;2,178;2,506;2,929;2,545;2,493;2,145;2,417;2,213;2,110;2,489;2,568;1,945;2,262;2,174;1,972;2,162;2,361;1,687;1,820;2,057;2,006;2,138;2,018;1,574;1,759;1,399;1,328;1,845;1,385;1,878;1,824;1,500;1,464;1,198;1,560;1,883;1,606;1,212;1,882;1,253;1,612;1,403;1,714;1,430;1,275;1,393;1,781;0,989;1,224;1,166;1,455;1,844;1,477;1,545;1,794;1,110;1,444;1,228;1,317;1,057;1,747;1,233;1,554;1,350;1,059;1,327;1,249;1,297;0,787;1,489;0,944;1,411;0,932;1,123;1,076;1,084;1,168;0,931;1,128;1,209;1,049;0,986;0,842;1,282;0,958;0,874;0,790;1,364;1,240;0,798;1,355;1,024;0,917;1,377;0,769;1,327;1,159;1,355;1,560;1,261;1,462;1,118;1,581;1,115;1,205;1,049;1,491;0,916;1,016;1,475;1,312;0,895;1,209;0,757;1,659;1,276;0,923;1,475;1,094;0,920;1,133;1,199;2,401;2,027;0,910;1,752;1,131;1,481;1,536;1,550;1,442;1,116;1,359;1,432;1,800;1,724;1,080;1,274;1,271;2,127;1,440;1,729;2,059;0,882;1,200;1,341;1,754;1,461;1,880;1,045;1,449;1,075;1,228;1,551;1,827;1,814;1,212;1,557;1,389;1,601;1,023;1,226;2,118;2,019;2,072;1,157;1,764;1,779;1,891;1,620;1,636;1,663;2,523;1,700;1,983;1,900;2,182;1,182;1,676;2,481;
440;3,258;1,723;1,441;1,499;1,750;1,799;1,046;1,876;1,540;1,237;0,911;1,685;1,394;1,125;1,364;1,439;1,058;0,922;1,034;0,696;1,001;0,996;0,986;1,310;1,003;0,868;1,084;0,778;0,959;0,642;0,579;0,823;0,538;0,716;0,567;0,771;0,590;0,641;0,662;0,603;0,967;0,539;0,535;0,652;0,727;0,847;0,823;0,456;0,670;0,451;0,768;0,545;0,478;1,007;0,777;0,625;0,541;0,493;0,460;0,530;0,547;0,512;0,427;0,410;0,521;0,496;0,497;0,513;0,619;0,607;0,490;0,499;0,357;0,372;0,563;0,533;0,423;0,391;0,452;0,576;0,544;0,463;0,452;0,474;0,378;0,383;0,385;0,384;0,480;0,396;0,524;0,346;0,469;0,578;0,471;0,523;0,458;0,501;0,252;0,429;0,316;0,448;0,494;0,569;0,526;0,298;0,404;0,539;0,531;0,438;0,389;0,545;0,443;0,425;0,229;0,285;0,293;0,314;0,386;0,316;0,314;0,322;0,405;0,304;0,405;0,489;0,371;0,409;0,291;0,367;0,374;0,442;0,382;0,428;0,276;0,335;0,378;0,358;0,280;0,429;0,406;0,370;0,284;0,337;0,488;0,415;0,322;0,266;0,509;0,327;0,386;0,304;0,394;0,345;0,268;0,331;0,192;0,306;0,466;0,353;0,289;0,427;0,346;0,388;0,327;0,333;0,434;0,282;0,574;0,366;0,487;0,378;0,383;0,409;0,543;0,432;0,419;0,590;0,556;0,350;0,647;0,738;0,653;0,897;2,078;6,578;17,942;43,523;68,634;79,732;67,606;42,770;22,457;10,911;3,805;2,281;1,708;2,027;1,686;1,715;2,138;2,312;2,332;2,714;2,744;2,794;2,753;2,514;3,519;3,423;3,214;3,218;4,149;3,140;3,869;3,822;4,397;4,047;4,288;4,225;4,157;4,514;4,073;4,373;4,698;4,326;4,932;5,095;4,424;4,738;4,922;4,449;5,132;5,015;4,979;4,817;5,333;4,888;4,806;5,166;5,199;5,464;4,865;4,631;5,033;5,471;5,340;5,143;4,730;4,917;4,984;4,566;4,766;4,652;4,638;5,207;4,702;4,522;5,182;4,782;4,884;4,697;4,684;5,001;5,964;4,979;5,341;4,975;5,290;4,410;5,249;4,692;4,489;4,277;4,443;4,089;3,897;3,886;3,427;3,789;4,069;3,226;3,965;3,311;2,829;3,327;3,858;3,685;3,288;3,056;2,887;3,426;2,775;3,459;3,059;3,220;3,045;3,237;2,848;2,709;3,026;2,440;3,181;2,969;2,521;2,322;2,845;2,278;2,493;2,327;2,124;2,265;2,658;2,490;2,495;2,232;2,567;2,332;1,979;1,984;2,261;2,046;2,173;2,297;1,930;1,774;1,979;2,057;1,680;1,832;1,980;1,835;1,799;1,774;1,951;1,456;1,597;1,809;1,693;1,761;1,505;1,617;1,178;2,037;1,507;1,916;1,775;1,584;1,671;1,491;1,581;1,565;1,625;1,581;1,915;1,641;1,295;1,694;1,498;1,357;1,489;1,406;1,237;1,188;1,597;1,069;1,718;1,614;1,612;1,284;1,283;1,349;1,573;1,450;1,206;1,048;1,365;1,520;1,245;1,393;1,265;1,423;1,362;0,903;1,433;1,028;1,052;1,427;1,229;1,058;1,024;1,065;0,780;0,954;1,318;1,278;1,032;1,157;1,412;0,991;1,320;0,959;0,977;0,849;1,010;1,101;0,984;0,924;0,931;1,003;1,118;1,014;1,290;0,873;1,364;0,881;1,025;1,314;0,816;1,112;1,304;1,469;1,211;1,246;0,958;1,399;1,280;1,017;0,932;0,771;0,889;1,016;1,062;1,383;1,542;1,088;1,206;1,671;1,728;1,416;1,381;1,396;1,431;1,556;1,239;0,932;1,109;1,374;1,206;1,040;1,338;0,865;1,157;1,087;1,015;1,295;1,026;1,220;1,362;1,524;1,076;1,395;1,323;1,053;1,685;1,508;1,701;1,110;1,361;1,371;1,361;1,792;1,984;1,386;1,252;1,784;1,233;0,822;1,353;1,468;1,825;1,467;1,721;0,655;1,587;1,493;1,838;1,930;1,672;1,419;1,322;1,956;1,770;2,074;1,477;1,624;1,127;2,671;2,234;1,675;1,850;
445;1,948;2,171;2,432;1,486;2,237;1,268;1,210;1,473;0,960;1,650;1,150;1,464;0,807;0,815;1,362;0,876;0,914;1,253;1,008;1,358;1,111;1,013;1,162;1,100;0,860;1,133;0,885;0,845;1,058;0,555;1,093;0,841;0,608;0,524;0,788;0,679;0,608;0,613;0,633;0,615;0,523;0,450;0,640;0,824;0,661;0,463;0,502;0,644;0,516;0,529;0,531;0,499;0,385;0,514;0,821;0,690;0,439;0,500;0,506;0,443;0,459;0,767;0,590;0,449;0,722;0,542;0,493;0,259;0,443;0,466;0,541;0,512;0,417;0,495;0,534;0,371;0,567;0,471;0,503;0,574;0,468;0,375;0,445;0,408;0,600;0,528;0,619;0,488;0,264;0,551;0,554;0,627;0,577;0,437;0,393;0,310;0,371;0,556;0,451;0,438;0,373;0,469;0,350;0,549;0,434;0,444;0,511;0,306;0,480;0,450;0,525;0,420;0,370;0,237;0,283;0,288;0,476;0,483;0,370;0,354;0,318;0,422;0,214;0,328;0,399;0,354;0,299;0,314;0,289;0,479;0,360;0,490;0,342;0,376;0,405;0,367;0,471;0,344;0,555;0,474;0,393;0,281;0,438;0,431;0,462;0,296;0,314;0,314;0,522;0,351;0,407;0,413;0,409;0,599;0,594;0,428;0,341;0,322;0,566;0,461;0,404;0,371;0,421;0,385;0,385;0,292;0,363;0,428;0,309;0,524;0,420;0,278;0,314;0,442;0,384;0,472;0,441;0,507;0,599;0,593;0,425;0,411;0,670;0,553;0,548;0,539;0,598;0,839;1,083;1,366;4,355;16,152;38,049;69,011;83,885;75,876;48,262;23,583;10,307;3,976;1,895;1,533;1,742;1,467;1,646;2,045;2,062;2,197;2,052;1,957;2,287;2,339;2,372;2,289;2,143;2,943;2,554;2,447;2,662;2,528;2,876;2,989;2,932;3,071;3,101;3,281;3,058;3,500;2,969;3,415;3,194;3,584;3,621;3,634;3,530;3,042;3,601;3,985;3,311;3,430;3,577;3,202;3,855;3,890;3,793;3,826;3,767;3,782;3,593;3,335;3,701;3,718;3,223;3,372;3,951;3,497;4,051;3,574;3,312;3,455;3,270;3,372;3,520;3,838;3,208;3,564;3,897;3,643;4,148;3,703;3,909;4,378;3,586;4,053;3,754;4,627;4,433;3,780;3,331;3,525;3,421;2,843;2,973;3,169;3,152;3,015;2,496;3,158;2,585;2,865;2,835;2,703;2,713;2,765;2,348;2,723;2,245;2,652;2,830;2,540;2,571;2,321;2,272;2,474;2,560;2,427;2,150;2,656;2,126;2,485;1,993;2,065;2,162;2,257;2,347;2,259;1,859;1,677;1,971;2,028;1,933;1,856;1,974;2,008;1,529;1,733;1,582;2,001;1,539;2,105;1,559;1,765;1,682;1,786;1,402;1,945;1,586;1,575;1,567;1,627;1,541;1,659;1,342;1,510;1,341;1,500;1,473;1,463;1,622;1,442;1,591;1,247;1,512;1,106;1,331;1,280;1,374;1,279;1,142;1,254;1,404;1,401;1,500;1,449;1,640;1,174;1,354;1,015;1,171;1,734;1,723;1,173;1,327;0,920;1,513;1,160;1,428;1,281;1,253;1,092;1,093;0,901;1,094;0,889;1,572;1,124;1,022;0,942;1,213;1,641;1,252;0,795;1,119;1,180;1,083;1,135;1,147;0,800;0,812;1,133;1,055;1,011;0,935;0,867;1,079;0,797;1,081;1,348;0,992;0,622;0,815;1,114;0,830;0,965;0,916;1,301;0,844;1,222;1,013;1,019;0,751;0,980;0,976;0,991;1,121;0,911;1,408;1,031;0,863;1,050;0,803;1,280;1,251;1,338;1,027;1,340;1,472;1,585;1,179;1,203;1,067;1,076;1,382;0,799;1,077;1,111;1,398;0,915;1,200;1,233;1,245;1,057;1,316;1,687;1,092;1,312;1,026;1,402;1,013;1,765;1,203;1,231;1,205;1,795;1,726;1,478;1,052;1,386;1,735;1,197;0,802;1,291;1,495;2,301;0,831;1,635;1,423;1,416;1,500;1,281;1,521;1,854;1,351;1,412;1,907;1,194;2,025;1,187;1,655;1,617;2,467;1,782;2,102;1,724;1,859;2,333;1,883;1,808;1,564;1,425;2,097;
450;2,155;1,969;2,046;2,518;1,178;1,608;1,594;1,784;1,151;1,930;0,999;1,183;1,511;0,956;0,704;0,818;0,785;1,184;0,950;1,035;1,020;1,057;1,226;0,639;0,778;1,116;0,311;0,512;0,706;0,699;0,766;0,798;0,908;0,690;0,455;0,497;0,893;0,798;0,425;0,553;0,765;0,659;0,702;0,771;0,606;0,602;0,599;0,498;0,426;0,698;0,709;0,423;0,488;0,491;0,501;0,547;0,613;0,623;0,598;0,726;0,245;0,575;0,401;0,524;0,388;0,359;0,457;0,326;0,403;0,368;0,480;0,576;0,411;0,349;0,500;0,385;0,489;0,521;0,252;0,376;0,488;0,456;0,506;0,430;0,448;0,405;0,451;0,485;0,416;0,401;0,451;0,259;0,339;0,396;0,343;0,343;0,397;0,370;0,240;0,375;0,524;0,338;0,262;0,510;0,317;0,511;0,380;0,449;0,263;0,569;0,345;0,399;0,463;0,436;0,375;0,451;0,324;0,437;0,253;0,434;0,397;0,366;0,477;0,392;0,267;0,315;0,353;0,411;0,294;0,354;0,289;0,366;0,331;0,351;0,478;0,457;0,404;0,466;0,214;0,303;0,351;0,346;0,372;0,262;0,324;0,404;0,325;0,325;0,307;0,310;0,372;0,320;0,269;0,327;0,480;0,397;0,204;0,388;0,540;0,316;0,413;0,450;0,331;0,329;0,301;0,336;0,310;0,417;0,326;0,285;0,448;0,410;0,282;0,258;0,318;0,276;0,396;0,344;0,463;0,343;0,411;0,304;0,394;0,282;0,465;0,590;0,362;0,504;0,473;0,489;0,461;0,426;0,610;0,824;1,507;4,442;14,623;35,850;63,874;84,127;79,835;52,363;26,129;9,890;3,807;1,669;1,211;1,389;1,426;1,443;1,439;1,480;1,445;1,529;1,667;1,518;1,636;1,752;1,873;1,899;1,851;1,995;2,053;1,991;1,790;2,198;2,196;2,172;2,432;2,382;2,149;2,111;1,966;2,583;2,504;2,529;2,393;2,298;2,192;2,694;2,507;2,542;2,635;3,141;2,645;2,610;2,878;2,649;2,726;2,499;2,692;2,535;2,852;2,444;2,921;2,749;2,388;2,778;2,657;2,769;2,574;2,733;2,650;2,467;2,611;2,882;2,269;3,075;2,309;3,053;2,653;2,452;2,487;2,962;2,950;3,147;3,038;2,939;3,008;3,319;3,119;3,411;3,372;3,702;3,020;3,400;3,212;2,704;2,411;2,428;2,663;2,319;2,149;2,304;2,148;2,593;2,171;2,437;2,169;2,312;1,776;1,894;2,086;2,241;1,877;2,066;2,319;1,894;1,944;1,967;1,962;2,029;1,765;1,728;1,563;1,668;1,930;2,194;1,498;1,423;1,597;1,659;1,934;2,245;1,636;1,966;1,343;1,635;1,732;1,532;1,627;1,671;1,150;1,385;1,613;1,915;1,588;1,602;1,581;1,476;1,019;1,684;1,761;1,600;1,196;1,306;1,349;1,425;1,445;1,319;1,060;1,411;1,539;1,554;1,015;0,890;1,337;1,309;1,087;1,529;1,106;0,978;1,358;1,070;1,144;1,570;0,994;1,079;1,451;1,374;1,323;1,451;1,281;0,989;1,237;1,457;1,142;1,165;1,374;1,188;1,047;0,806;1,064;0,987;1,367;1,096;0,934;1,163;1,046;1,027;0,871;0,775;1,167;0,945;0,956;1,076;1,467;0,986;0,899;0,760;0,976;0,943;0,697;0,706;0,846;1,025;0,886;1,024;0,850;1,185;1,206;0,987;1,112;0,952;1,146;1,114;1,033;0,720;1,114;0,845;1,048;0,887;0,954;1,117;0,969;1,114;1,168;1,010;0,859;1,082;0,926;0,783;1,038;1,093;1,178;0,871;1,123;1,384;1,028;0,966;0,686;1,064;1,207;1,158;1,324;0,938;1,141;1,449;1,571;1,366;0,962;1,214;1,878;1,416;1,021;1,254;1,154;1,166;1,326;1,163;1,029;1,083;1,236;1,142;1,302;1,130;1,389;1,312;1,164;1,428;1,032;1,158;1,286;1,335;0,949;1,165;0,670;1,414;1,898;1,085;1,239;1,203;1,638;1,706;0,957;1,510;1,249;1,761;2,123;2,027;1,424;1,885;2,461;1,451;1,498;1,682;2,518;1,315;2,167;2,084;1,250;
